0.19736424
-0.18122424
0.18294877
-0.15247476
-0.15822491
-0.15693375
-0.1823422
-0.16351657
-0.18158825
-0.1627506
-0.17920436
-0.19549027
0.15355372
-0.18210007
0.15273423
-0.15316024
-0.18374257
0.19339426
0.163246
-0.19322231
0.17598642
0.16106741
0.15187624
-0.17872874
0.19325972
-0.16531263
0.18202971
-0.17998363
-0.1966105
0.16735227
-0.16196632
-0.1609406
0.17958961
0.193012
0.18134546
-0.16741756
-0.15827008
-0.18021196
-0.17007594
0.16516213
0.17286119
-0.17807277
0.18228683
-0.18102145
-0.15114464
0.17452997
0.1722612
-0.1556325
-0.17775431
0.17605218
-0.19337064
0.18560463
0.16727807
-0.17235933
-0.16773026
0.17234562
0.1533624
0.15144022
-0.15874986
0.19587505
0.15414385
-0.19016509
0.1798042
-0.1692439
0.1555622
0.18032272
-0.15764706
0.17061004
-0.18171693
-0.19260728
-0.16759615
-0.15035175
0.16043393
0.15611187
-0.15313852
0.19531412
0.19216552
-0.17130196
0.15788224
-0.19018814
-0.15744838
-0.15812473
0.18042853
-0.16152528
0.18230726
0.18870692
-0.17013921
-0.18151517
-0.18663217
0.17106794
-0.17256965
-0.17066222
0.16179034
-0.16510653
-0.16194953
-0.19160885
-0.1590938
0.15765317
0.15977746
0.15028128
-0.17706291
-0.16760367
0.16431773
-0.16161142
-0.19044353
-0.17119873
0.1721012
0.19154349
0.1853105
0.1767827
0.16372949
0.16622141
0.15196113
-0.15085481
0.15482995
0.15788232
0.15966599
-0.18226412
0.16502267
0.18976544
-0.15705904
0.16455457
0.18797787
0.17893982
0.18282273
-0.20299281
0.16961282
-0.1906967
0.16891885
-0.15450013
0.16996029
0.18747304
0.1752746
-0.17163122
-0.15237895
0.16153562
0.1929962
-0.16985254
-0.18114866
-0.18675816
0.16984954
-0.18321367
0.17116283
-0.15952183
-0.20108901
-0.18117939
-0.16422814
-0.17159611
0.15217692
0.15662764
-0.15573564
0.18428813
-0.1754202
-0.1650819
0.16107343
0.15679091
-0.16310558
-0.19825716
0.16720407
-0.15188202
-0.17193471
0.15512215
0.15471616
-0.16230132
-0.18731768
-0.15965252
-0.17127866
-0.16810253
0.15203339
-0.16495906
-0.15361008
0.1883171
-0.18404052
-0.15463161
-0.16863456
0.15103039
0.17835596
-0.19842544
-0.15506276
0.17318897
-0.15642487
0.1687236
-0.16778901
0.1817402
-0.18275821
-0.17600688
0.18368351
0.16777587
-0.18648297
-0.16839115
0.18601641
0.17608327
0.15251164
-0.18009578
-0.15529616
-0.16751063
-0.15890153
-0.1788427
0.15468614
-0.18453993
0.17823292
0.17116164
-0.17384116
0.16748121
0.18408176
-0.18617222
-0.15305048
0.15830342
-0.199443
0.15242216
-0.19581506
-0.19877267
-0.17800386
0.17212012
-0.16529162
0.16048303
-0.18325855
0.18918939
-0.16177838
0.15431091
0.16070655
-0.15085886
0.16915357
-0.19722566
0.15597388
0.15725365
-0.19332628
-0.16086978
0.15878975
0.15780136
0.19190633
0.1689767
-0.15561022
0.173186
-0.15441085
-0.15651603
-0.15667532
-0.20319897
0.15451711
0.17873532
-0.19873399
-0.16003925
0.16837576
-0.161771
0.18472432
-0.18426973
-0.18097948
0.17195824
-0.17468765
0.15501915
0.19549206
-0.20061915
-0.15870261
0.17730665
0.17557786
0.16624768
0.15422522
0.16879621
-0.1624698
-0.19809707
0.15739755
0.18579713
0.16679455
0.16821411
-0.16516308
-0.151774
0.16985174
-0.1667374
0.15240015
0.1830669
0.16065127
0.16256076
0.16324115
-0.15640132
0.18048507
0.1711476
-0.17563531
-0.17673104
-0.16853909
0.15164587
-0.1593708
-0.1527601
-0.15062429
-0.15139337
0.18072344
0.16488768
-0.15957518
0.15488218
0.1547787
-0.16694482
-0.15630084
0.17504685
0.16112302
-0.15688382
0.17610954
0.16248456
0.15835813
-0.1715436
-0.16468042
0.18042143
0.16233881
-0.19088869
-0.17814344
-0.1936894
-0.1765396
0.16352716
0.17836289
-0.1831156
0.18029547
-0.18870716
-0.16673718
-0.15687098
-0.17797023
-0.18866056
-0.16389416
-0.19344492
0.17405234
-0.16759624
0.18041867
0.18717594
0.16323136
-0.18228005
0.16456263
0.15338577
0.18717979
0.16398263
-0.17396583
0.17680284
0.16537462
-0.19109099
0.17530307
-0.16140413
0.16080262
-0.15639073
-0.17367493
-0.17673557
-0.17158069
-0.15648906
-0.18991625
-0.15918444
0.17825197
-0.17275047
0.1509919
0.16359177
0.15190782
-0.15300342
-0.18439038
0.15400544
0.15448575
0.1516319
-0.18070664
0.1505073
-0.15799806
-0.15525918
-0.17703792
-0.18302527
0.17599481
0.15986352
0.18082947
-0.19802992
-0.16549166
-0.19581433
-0.17744845
0.17040376
-0.18069859
0.15486175
-0.16888186
-0.18811072
-0.16965657
0.17384622
-0.17721952
0.15648067
-0.1513553
0.16172844
0.16407073
-0.1619672
0.1832101
-0.19823048
-0.19999427
-0.17573375
-0.179606
0.16717914
0.17787135
0.16194749
-0.15647115
0.19288951
0.16731656
0.1709719
-0.15998407
-0.15113771
-0.1768714
0.19436103
-0.15767477
-0.1983023
0.17756076
0.17230074
0.16225807
-0.17442182
-0.18028197
0.18350136
0.15666942
-0.1805051
-0.1592871
-0.16842665
-0.15948854
0.18119588
0.17983367
-0.16369453
0.19624616
0.18955605
-0.19070894
0.18782967
-0.17972355
-0.19621933
-0.1974674
0.1712751
0.17023905
0.1693814
-0.19539209
-0.15850396
0.15318953
0.17302455
-0.15178595
0.17386208
-0.16968143
0.17157814
-0.18178435
0.16132516
-0.15806797
0.15029776
0.17418456
0.15773295
-0.18384781
-0.16190806
-0.17481947
-0.1775281
0.17063755
0.15350959
-0.1502745
-0.16419667
0.18951191
-0.19045137
0.16647977
-0.17386799
-0.1718381
0.16559371
-0.19971845
-0.19270426
-0.19557253
0.1973462
-0.18824859
-0.16889621
-0.15712598
0.17971535
0.18917431
0.15976188
0.15627971
0.18987411
0.18581867
-0.19820982
-0.17367733
0.15895025
-0.15615751
0.19528592
-0.16296792
0.17339072
0.189133
-0.15618847
0.18895847
-0.1575926
0.1712209
-0.15040553
0.15133527
-0.18373674
0.16258451
-0.17494754
0.18348914
0.15224686
0.17744744
-0.16550219
0.17297025
-0.1643038
0.15338929
-0.15691352
-0.19889043
0.18260013
0.15691186
0.1532277
-0.15173402
-0.1573324
-0.15853798
0.17021069
-0.15218718
-0.16613346
0.15825106
-0.19328056
0.17364413
-0.15528078
0.17040771
0.16024612
0.1610892
-0.15507536
-0.19436389
0.18300916
0.15688173
-0.15121602
0.1694234
0.15283775
-0.16061014
-0.18266244
0.15622076
-0.153483
-0.15880027
-0.15844716
-0.16247764
0.19354777
-0.18365726
-0.15375635
-0.18130963
0.15040602
0.18004018
-0.15980126
-0.16145967
0.16352142
-0.15875328
-0.15064272
0.19157837
0.17510459
0.17100099
-0.15722546
0.18972972
-0.18129098
0.17566875
0.17637815
0.18547001
-0.1719451
0.1577829
-0.16006728
-0.18201312
-0.16267279
-0.19303018
-0.19624472
-0.17191926
0.1574607
-0.15415832
0.15920976
-0.16803065
-0.18878017
0.17615323
0.1678
-0.16579887
-0.20242618
0.19416408
0.17510426
-0.16026677
0.16169626
-0.1690948
0.15344179
0.17251123
0.15041184
-0.17626432
-0.17030524
-0.15374407
0.17725152
0.15312947
0.17842403
0.1898644
0.17967482
0.15762703
0.19458967
0.16469528
0.16143294
0.17750186
0.15984781
0.19176365
0.19223213
-0.1801688
0.17903098
0.19468635
-0.15825605
0.1567579
-0.15853311
0.15846568
0.1836742
0.15637524
0.17169261
0.17560484
-0.19385111
0.15146086
0.173792
0.18092065
-0.18175513
-0.15426092
0.15470742
0.18543747
-0.15586752
-0.16202492
-0.18640588
-0.17049922
0.18121327
-0.15754771
-0.15924154
0.17648317
0.19340414
0.20005734
0.15370265
0.18111624
0.15994848
-0.17236468
0.16870576
-0.15975212
-0.17028262
0.19748732
0.15183583
0.1699654
-0.19224359
0.15094791
0.1762569
0.17827395
0.15606914
-0.16022508
-0.17839321
-0.18036568
-0.1681535
0.15344031
0.16124508
-0.15880652
-0.17133996
0.17916286
-0.15770377
0.18251717
-0.16455466
-0.18846592
-0.1786463
-0.15808924
-0.17888376
-0.15792608
0.18002501
0.18778542
-0.16157328
-0.18104665
-0.15350689
0.15985394
0.18103272
-0.16335097
-0.17173636
0.19752643
-0.18405831
-0.19114316
-0.17207778
-0.15552352
0.17325091
-0.16984539
0.16199635
0.17406844
0.19744469
0.15892747
-0.16106649
0.19440998
0.17927699
-0.16793579
0.1724619
-0.16412854
0.1560966
0.18810402
-0.15174638
-0.19106497
-0.15274884
-0.19683693
-0.15886873
-0.17972563
-0.17914839
0.1614517
-0.18343993
-0.1593545
0.16516641
-0.15092887
-0.17350894
-0.18921688
-0.16364601
-0.15798753
0.16689222
-0.15803555
0.1535573
0.15132213
0.19099048
0.1542011
-0.16255334
0.18380566
0.18287139
0.1719126
0.16449545
-0.17661211
0.18261592
0.15838306
-0.16480961
0.1658037
-0.16124293
-0.15583646
0.18038979
0.18649267
-0.17179386
0.19772576
0.15938586
0.18585819
-0.15884593
0.17417221
-0.1749527
0.17456427
0.17506398
0.15199424
0.1950827
-0.18968679
0.16728443
-0.17457384
0.16233145
-0.1967919
-0.15561643
-0.16244508
0.16517615
0.1643537
0.19303359
-0.17537746
0.16106306
-0.20046142
-0.15543649
-0.16547942
-0.18220884
0.17426756
-0.1903774
0.1552717
-0.15279214
0.1653443
0.16894281
0.17641664
-0.18573697
0.18499082
0.18396282
0.16923136
0.16348831
0.1760567
-0.19189273
0.16472587
0.17248093
-0.16511826
-0.15343605
0.19875476
-0.16281046
0.16831662
-0.19384766
-0.1872973
0.17350945
-0.15066597
-0.1729639
-0.15755376
0.18979515
-0.17440647
-0.17737874
0.17898604
0.15438418
-0.17092599
-0.1667875
0.16066737
-0.16751751
0.16170245
0.16622192
0.1560535
-0.16528136
0.18819252
-0.16656718
0.15979992
0.18638013
-0.15134355
0.15498129
-0.19030175
0.16188782
0.15429063
0.16225259
0.16931316
-0.15028714
-0.1832449
0.15205178
-0.19919169
0.15560323
-0.16201434
-0.18588321
-0.15366054
-0.16157678
-0.17410389
-0.16773747
-0.19190359
-0.20380758
0.16368453
-0.15538906
-0.17313467
-0.20088615
-0.18793598
-0.16526364
0.17793585
-0.1912805
0.16636285
0.18230759
-0.1871621
0.18925491
0.174838
-0.17898574
-0.18162078
0.15761752
0.1916601
-0.15604953
-0.18418562
0.15043263
0.15786664
-0.20089436
-0.17817147
0.16411294
-0.16616401
0.1922387
0.15702705
0.19327326
0.18656912
-0.19833212
-0.16926126
0.18591607
-0.1842954
-0.15407185
-0.17517579
-0.15380678
-0.15838246
0.1909517
0.15638259
0.16762714
-0.19128236
-0.18185183
-0.17743067
0.17655984
0.16749631
-0.20224206
-0.16784482
-0.16689983
-0.18992893
-0.19685677
0.16252917
-0.15666398
0.1878576
-0.19755295
0.16327597
0.16527924
0.16278677
-0.15880935
0.17583483
-0.18261965
-0.17152375
0.16126688
0.18293929
-0.1737446
0.16195813
0.15320061
-0.16974837
0.1569098
0.1850377
-0.19133446
-0.20508195
-0.18935674
-0.18694107
0.18236592
-0.16465631
0.18253522
0.17842029
0.1706681
0.16728579
-0.19027933
-0.15357493
-0.18043724
0.17168212
0.15625332
0.16492268
0.16347355
0.16060433
0.18076752
0.15353037
-0.1864324
-0.18032354
0.1862805
-0.1994187
-0.19986348
-0.20057164
0.18984337
0.16504608
0.17892449
-0.19328515
-0.15810397
0.1809248
0.16898619
-0.153515
-0.19543155
-0.18438384
-0.17141429
-0.16335452
-0.17378005
0.19031584
0.1602984
-0.16719249
0.17264035
0.18446116
-0.17490242
-0.17297432
-0.16233936
-0.15204479
-0.15105844
-0.16258757
0.15552974
0.16734257
-0.16116796
-0.1945872
-0.17012459
0.15322751
0.18753497
0.15718937
-0.18004182
-0.16487078
-0.17525263
0.18237904
0.18564273
-0.16153987
0.19148776
0.17381409
0.1898943
0.18792216
0.1553141
0.17804958
0.15023986
-0.17330888
0.17648129
0.16970742
-0.17106107
-0.17733578
0.15393457
0.15670249
-0.15534557
0.19962873
-0.19129662
-0.1606109
0.17145711
0.18436746
-0.18361855
-0.17182736
-0.19447242
0.15131275
-0.15490577
-0.15168123
-0.15107208
0.15278034
0.17640841
-0.15491727
-0.16197887
-0.19307573
0.17419352
0.19324401
0.1933336
0.17250559
0.15325454
-0.19244939
0.17800769
0.1881537
-0.16461103
0.17431566
-0.15630354
0.16411737
0.16457118
0.15597853
-0.16423936
-0.18105935
0.15393232
0.1656369
0.17891197
0.15560591
0.15103868
-0.18207332
0.1528491
-0.17374396
0.17432515
0.16730219
-0.16991855
-0.17396788
-0.15654743
-0.15146807
-0.15316187
0.16197687
0.18287703
0.16846135
0.18179822
0.15610364
0.18393596
0.18311852
-0.19502383
-0.1682377
0.19041868
0.19242056
0.19143066
-0.19015054
-0.16456163
0.19270313
0.15271728
-0.17926927
0.17589188
-0.16179876
-0.15450804
-0.18320781
-0.15456341
-0.18898329
-0.1856176
-0.17688356
-0.15169331
-0.18768792
-0.18204954
0.18366984
-0.16435367
-0.19183478
-0.18579358
-0.16843528
-0.17595738
-0.16042921
0.15751435
0.15176147
-0.16526942
-0.17243911
-0.16093071
0.17222583
0.15050083
0.15658124
-0.18515645
-0.17677082
-0.202509
-0.15774006
-0.16687933
0.16688897
0.19633135
0.1656623
0.16872811
-0.15213306
-0.15037416
0.16464452
0.19007334
-0.15164895
0.16579059
0.19083136
0.15562761
-0.16048008
-0.16279018
-0.18222405
0.16300324
0.19650164
-0.15979856
-0.15730822
-0.16298142
0.19614433
-0.17985083
-0.15352285
-0.16465142
0.187853
0.16630991
0.19076136
0.19684833
-0.1625852
-0.15935463
0.16690499
-0.17691104
0.19408487
-0.17392583
-0.16121535
0.17932561
-0.16081114
0.1779712
-0.19325112
-0.16744146
-0.18210122
-0.16063361
0.15819114
0.1573971
0.16128132
-0.17167756
-0.17902343
0.1947234
-0.15876082
0.16862805
0.15539508
0.1567886
0.19881399
0.17163156
0.1772665
0.150684
-0.15815277
0.15637825
-0.1925233
-0.16841614
0.19334893
-0.16811097
0.161653
-0.17420343
-0.15757196
-0.18021931
0.15424623
-0.18952544
-0.1627715
-0.18235043
0.15822195
-0.18482855
-0.16314892
0.15222321
-0.19999954
0.16724427
0.17763312
-0.16255502
-0.1746141
-0.16080248
-0.15561175
0.15389739
-0.16691408
-0.16956699
0.18526097
-0.16313565
-0.18727341
-0.17471983
-0.1969558
-0.17070004
-0.1812592
0.15918666
0.17993383
0.19684385
-0.16284396
-0.15864609
-0.1585262
-0.15471981
0.17954388
0.16051978
-0.19551682
-0.16799907
0.17264174
0.15641655
0.19169152
-0.1901045
0.16809678
0.18573749
-0.15982462
0.17998523
-0.15845387
0.15334724
0.15922968
0.18702886
-0.1873256
-0.19660799
-0.18741366
0.17784587
-0.17769225
-0.20140816
0.16442491
-0.17102423
0.15530452
0.19006014
-0.17084745
0.17988838
-0.17728741
-0.19696718
-0.17378867
0.15944234
0.16046657
-0.16698313
-0.18177833
0.1658393
0.20110202
-0.15396468
-0.1600921
-0.18297291
0.17354247
-0.1540177
0.1576957
-0.17578831
0.1747639
0.19124351
0.18661475
-0.18395673
0.16467288
-0.16125697
0.179529
0.18643782
-0.19641712
-0.16440625
0.17502683
-0.15211147
0.16630338
-0.18658933
-0.159353
-0.19060643
0.18648797
-0.1801124
0.17321263
-0.1522229
-0.1870116
0.18509968
-0.16542494
0.16639926
-0.15885861
-0.15741791
-0.16163927
0.15076682
0.1708319
0.15088487
0.1643615
0.18056032
-0.16539286
-0.18442495
0.18805864
0.19421403
-0.15243341
-0.15042755
-0.16016084
-0.18980512
0.16405596
0.16082244
-0.19350883
-0.15869722
-0.15718158
-0.18839023
-0.15092486
0.1586768
0.1617892
-0.18462929
0.17996624
-0.17234497
0.16815428
-0.18392028
-0.19432873
0.1739631
0.15382102
-0.15846504
0.15930024
0.18861881
0.16779608
-0.16336434
0.16909662
-0.18068779
0.17253858
0.16853742
0.16254441
-0.15861137
0.16628593
-0.15700874
-0.15563902
0.15261275
-0.17877653
-0.16359888
0.16072588
-0.17403784
-0.16947122
0.16310427
-0.16004933
-0.18013106
-0.16902053
0.19988327
0.15116082
0.18033753
-0.16649537
0.19319324
0.15856227
-0.18171404
-0.16195971
0.15741405
0.15768544
-0.1597885
0.17499283
-0.19120105
-0.15026659
-0.16852003
0.15148954
-0.15143354
0.15612489
0.1706844
0.15249704
-0.17151219
0.17615573
-0.1640721
0.15272686
-0.15107365
-0.18631198
-0.19324392
0.19229724
-0.17418906
0.16479404
-0.15482244
-0.17200343
0.15038238
-0.16744983
-0.15136112
0.1778514
0.16072613
0.17791243
0.15109925
-0.16753572
-0.18804169
-0.16676368
0.16856936
0.15823601
-0.15344642
-0.17996104
0.18990433
-0.15105821
-0.16754392
-0.1967448
0.15618359
-0.1715571
0.15245193
-0.19311161
0.18396306
-0.18892765
0.19312005
-0.18584299
0.16601571
-0.156394
0.19231123
0.17196319
-0.19262017
-0.17946102
0.17762592
0.17183886
-0.16954093
0.158015
0.16973622
-0.15943305
-0.1592064
-0.15486667
0.17288381
0.18379495
-0.17395972
0.1628201
0.18327379
-0.17739448
-0.17389138
-0.19052266
-0.15082282
-0.18641074
0.18568055
-0.15613455
0.18540402
0.16657637
0.18121481
0.19475427
-0.15482628
-0.1793237
-0.18593247
0.17913279
-0.178287
0.15474483
-0.16468404
0.197053
0.19004889
0.18449052
-0.17027074
0.18180181
0.17181982
0.17127159
-0.19095339
0.20034315
-0.18532722
0.1560043
0.18675363
0.16318648
-0.15192042
-0.17024173
0.20151311
-0.16442388
0.170475
-0.15531291
0.1593048
-0.17428458
-0.15716438
0.16186911
0.17011867
0.16694783
0.18560919
-0.1661587
-0.15376665
-0.15272476
-0.15092199
-0.15324819
-0.17429845
0.19088537
0.17410561
-0.18628512
0.15881036
-0.18507966
-0.15327863
0.19374162
0.15435873
0.19365592
-0.15075804
-0.18542998
0.16674182
0.15524152
0.151189
0.17713523
-0.15652372
0.1848325
-0.17637716
-0.15737763
-0.16967271
0.19617851
0.19455114
0.16150114
-0.16085824
-0.19657747
-0.187549
0.16391098
-0.1971046
0.16965732
0.19325173
0.17140868
-0.15559994
0.17399608
-0.16718121
0.19014321
0.16601732
-0.1819028
0.1541649
0.18107891
-0.17303124
-0.16281496
0.1816011
0.1585077
-0.16635019
0.16588712
-0.16309474
-0.17972553
0.17750679
0.19184572
0.15638426
-0.17642976
-0.19033845
0.15114802
0.19374731
-0.17840749
-0.17858401
0.17993627
0.17841095
0.16346082
-0.16023189
0.15535711
-0.156263
0.16652551
-0.15043432
0.19695742
-0.15370637
0.16491623
-0.18708678
-0.1521097
0.19136414
0.19514953
0.15071957
0.15286866
-0.17408912
0.18659596
-0.17136894
0.18485592
-0.17686895
0.15790105
-0.19054495
0.1608418
-0.17144477
0.18627465
0.15201966
0.19790801
-0.16274653
-0.18266638
0.18674996
0.15291592
-0.18272577
0.16211644
-0.16060053
-0.16418695
-0.17293067
-0.16262312
0.19422725
0.15778267
0.16298212
-0.15757343
-0.19084777
0.16834857
-0.19098054
0.18343627
-0.19607261
0.1731645
-0.16281715
0.18440826
-0.20130885
0.17112227
-0.17289355
0.16736226
-0.18448304
-0.15764491
0.18289602
-0.19918254
0.16813532
0.16736738
0.17341824
-0.16740908
0.17195475
-0.15795945
0.17102854
-0.15907578
0.18023525
-0.18502635
0.19519268
-0.154293
0.1932339
0.16703926
-0.1839603
-0.15478963
-0.15477681
0.18305296
0.15840614
0.17768775
-0.16766745
-0.16867727
0.15285246
0.16012406
0.15987144
-0.17287515
-0.15896152
-0.15797836
-0.19635908
-0.17105317
0.16715367
-0.17464916
0.17019452
-0.18715665
-0.17684874
0.18723181
-0.15308325
-0.16625883
-0.15516768
-0.17109473
-0.15733609
-0.17821436
0.17876902
0.16997589
0.16893817
0.16917881
0.17876051
-0.15651336
0.16316742
-0.19234107
-0.15322284
-0.18262093
0.15778387
0.16577668
-0.18633495
-0.15114036
-0.15344027
-0.16832435
0.18186758
-0.15342991
0.16287035
-0.19012506
-0.15312593
0.17633969
0.18243138
0.1826759
0.15588412
-0.18230897
-0.15509468
0.18287517
-0.19147475
-0.19145924
-0.19621432
0.18898812
-0.1664115
-0.17355494
-0.1520315
0.19665405
-0.15029575
-0.15026952
-0.19350292
-0.15140225
-0.15580237
-0.16186254
0.18799588
0.17082217
-0.16819353
-0.17258662
0.1640341
-0.19903965
0.17799816
-0.15094702
-0.19035658
-0.18891656
-0.19876304
0.18224315
0.19059463
0.15633743
0.18700399
-0.1564058
-0.16826499
0.17620821
-0.16460681
0.15249857
0.17761171
0.16678192
-0.18439081
0.19675392
-0.15181206
-0.19990858
-0.1816494
0.15133792
0.15332603
0.18159625
-0.1610285
0.15345143
-0.15251097
0.17695193
-0.18743844
-0.15039985
0.16465348
-0.18271552
-0.157434
-0.18877432
-0.16415934
-0.16272673
-0.1587107
0.15074188
0.17436066
-0.18091826
0.19603054
-0.19578049
0.19484548
0.16889364
0.15974142
-0.16849811
0.16281998
-0.17269656
-0.1810138
0.16144477
0.15079355
-0.15419619
-0.16109756
-0.16096872
0.17016086
0.17277394
0.15735818
0.1726387
-0.15081853
-0.19688107
-0.15326338
0.1569357
-0.18400434
-0.16632414
-0.15324144
-0.1886727
-0.1700607
0.16788797
-0.19260433
0.15942422
-0.20043102
-0.19104382
0.15428819
0.18538469
0.19697769
-0.1696557
-0.18750706
0.19298027
-0.15766868
-0.16701628
0.18522537
-0.1899898
0.16626906
-0.17917855
-0.173291
-0.17110683
0.17454442
0.15156499
-0.15903266
0.16585018
-0.15050226
0.18505584
-0.15946595
0.17070676
-0.16231947
-0.1757683
0.17822802
-0.17211033
-0.15040293
-0.17831907
0.16261952
-0.15577361
0.17466933
0.16517003
0.15714711
-0.17054632
0.18611889
0.15391429
-0.18356827
0.1561748
0.17812893
-0.15235229
0.15658098
0.15713373
0.1778198
0.18292347
-0.16796368
0.16545035
-0.18162036
0.19390655
0.18144734
-0.159342
-0.19048303
0.18546136
-0.19504578
0.17874369
-0.19412142
-0.17141202
-0.17622556
-0.16993327
-0.16390836
-0.18455216
0.19508211
0.17469092
-0.17388126
0.1877613
-0.16764218
0.15524547
-0.18550354
0.1909922
-0.19362387
0.18780394
-0.15158333
0.15423131
0.17657265
0.19943425
0.15150295
0.16484192
0.1606939
-0.18886702
-0.19525541
0.19349456
0.17558268
0.15776299
0.15020566
-0.16843711
0.19288942
-0.15844163
-0.1744827
0.16441703
-0.17764099
0.16512807
0.17804903
0.15428044
0.18057714
-0.17023368
-0.1729589
0.16265929
-0.15065585
-0.15161102
0.16760427
-0.1636417
-0.15413462
0.16179329
-0.2010818
-0.18054274
-0.15922394
-0.16542286
-0.15707329
-0.15167446
-0.18254197
-0.18540896
0.19093907
0.15518452
0.1608974
0.16632931
-0.16970389
-0.15608928
-0.18213779
0.16584063
0.17905353
-0.16646579
-0.18665364
-0.18769392
0.17714518
-0.1506322
0.15405491
0.15525554
-0.15401933
-0.19355425
-0.1566666
-0.19617017
0.19166134
0.1746284
0.19677287
0.18874028
0.16900003
-0.16164392
-0.16203123
-0.1699995
-0.17068876
0.16053702
-0.18407293
-0.16466151
0.196724
0.18502226
0.15810893
-0.196018
0.18073052
-0.1626432
0.15238258
-0.15121184
0.15660658
0.15616217
0.15526538
-0.15441312
0.16690151
-0.1870822
0.15819302
0.17321399
-0.1595609
0.18469828
-0.16457532
-0.18124996
0.17738959
0.18039323
-0.17832522
-0.15483044
-0.19007765
0.15148471
-0.16734645
0.1656418
-0.18003555
-0.17756386
-0.1621963
0.15275784
-0.17839138
0.15686044
-0.15091334
-0.16856633
-0.16652122
-0.15300706
-0.16290249
-0.1699706
0.17259334
-0.16616178
-0.16995211
-0.16342448
0.17425092
-0.17253861
-0.16327734
0.1699706
-0.15429889
-0.15042669
-0.18880658
-0.19844082
-0.19267333
-0.15751098
-0.15977804
0.16455477
-0.17279549
0.17648005
-0.17560352
0.1574945
-0.15520693
0.16148332
0.17379911
-0.18861799
-0.18733236
0.16058737
-0.15625215
0.15879253
0.15142846
0.1951697
0.16991068
-0.1799257
-0.17521192
-0.15359305
-0.18085214
0.15798807
0.18820927
0.18859811
0.15487729
0.16717467
-0.18349588
-0.17421821
-0.15698706
0.16711557
0.16047497
0.16300754
0.18429832
0.17915861
-0.15138751
-0.16184656
-0.17190968
-0.19204594
0.18700026
0.15517327
-0.15986829
0.19038604
0.171027
0.17939354
0.16846368
-0.17405166
-0.16326663
0.17398143
0.1718295
0.18236578
-0.15068899
-0.19087057
-0.1939632
0.19396608
-0.18247204
0.17895998
-0.16782692
0.16680516
0.1553233
-0.18036985
0.19500655
0.17164138
0.19055776
-0.16722567
0.15987068
-0.17533933
-0.18970613
-0.15348563
-0.18237157
0.15850629
-0.15259632
-0.16313004
0.19078232
0.15258132
-0.16895613
-0.1910619
-0.1589256
0.17023201
0.15761605
0.17587854
0.15659975
0.15673156
0.16975811
-0.15639646
-0.16244307
-0.17007254
-0.1779014
0.15788841
0.16946879
0.17077225
-0.16742375
0.1726168
-0.17652173
0.1906054
0.15866706
-0.19069195
-0.16739993
-0.15395051
-0.18451641
0.17268237
-0.1911122
0.18199125
-0.19950525
0.15875983
0.18985651
-0.1832467
0.19310817
-0.1583816
-0.15119138
0.16611437
-0.15418957
0.18087624
0.16912036
0.18458962
0.1621491
0.19935744
0.18521896
-0.16893065
-0.19406202
-0.18128377
-0.16937101
0.19352321
0.18632847
0.19877818
-0.15653312
0.18798949
0.1647656
-0.15104128
-0.15909877
0.1644593
-0.15644264
-0.1621324
-0.15114568
-0.15412755
0.19309153
0.16200024
-0.17268284
0.16540419
0.17649604
0.19281471
0.15058501
0.15969527
-0.15787609
-0.16192144
0.1573867
0.16859946
0.17736675
-0.19900137
0.16834506
-0.18358329
0.18928097
-0.19050251
0.17267902
-0.16953282
-0.19116226
-0.19018291
0.16945602
-0.16196646
-0.18317358
0.17461225
-0.18342106
0.15202066
0.1696045
0.15173624
0.15333773
0.18831153
-0.16354331
-0.19433875
-0.19351947
-0.17016216
0.16882631
0.15778905
0.18211281
0.19712183
-0.1732051
0.20380591
0.1530037
-0.15772739
-0.17326017
-0.17115302
-0.18274364
0.16167311
-0.16224052
-0.18154949
-0.17308122
0.17648867
0.18059751
-0.17048952
0.16574506
-0.16947176
0.15987092
0.15541194
-0.18481754
0.1614471
0.17492986
-0.18589763
0.1710317
-0.15075
-0.15400757
-0.16661368
0.17808264
0.17367028
-0.16859631
0.1537739
0.15921232
-0.16801631
-0.19192766
0.17892137
-0.16054821
-0.19192322
0.16239992
0.1860949
-0.2028385
0.16283052
-0.1519192
0.16592984
-0.19584475
0.15852372
-0.15048331
0.16483705
0.15553546
0.15510492
-0.18784575
-0.19876152
-0.17093691
0.17167833
-0.16603564
0.18556187
-0.18472178
0.1719435
-0.15734227
0.15626454
-0.19492333
-0.15672128
0.18343617
0.15150106
-0.17532703
-0.1841387
-0.18297528
0.1719666
0.16828641
-0.17846014
-0.2021624
-0.15589401
-0.1562941
-0.15127899
0.17126478
-0.18173604
0.18876497
0.1748829
-0.16815625
0.1759415
-0.16430685
0.1806471
0.16318974
0.17136443
-0.15100457
-0.1685003
-0.20322868
-0.1656845
0.19010478
-0.16925523
0.16744539
0.18423879
0.15268861
-0.16878228
-0.19246201
-0.17122713
-0.18996556
0.18936206
0.16370334
0.18551126
0.16000067
-0.17520061
-0.16585445
0.19033304
0.17215544
-0.15348405
0.18418305
-0.17773803
0.1531128
0.15684831
0.16178259
-0.17143652
0.16620488
-0.16351524
0.1999782
-0.19725668
-0.18259753
-0.19657676
-0.16727248
-0.17783622
-0.18298995
0.16119532
-0.1626554
-0.15225932
-0.18862404
0.15889843
-0.15949097
-0.162801
-0.18132335
0.18980345
-0.16703598
-0.1755688
0.18686654
0.16831082
0.16193151
-0.16577093
0.18665269
-0.15567166
-0.15525338
-0.15111245
-0.17047434
0.18553168
-0.17923684
-0.15409295
-0.15044807
-0.17497385
-0.15611409
0.17721799
-0.15696268
-0.16700962
-0.17360553
0.15242583
0.16455548
0.19349125
0.18922213
0.167538
-0.18616132
0.15959337
-0.15447655
0.19473478
0.16252603
0.1522289
0.17256902
-0.17007373
-0.1679036
-0.18957967
-0.19715932
-0.16870196
0.18000185
0.15172035
-0.17037466
-0.18977
-0.15328357
-0.16081843
-0.18045343
0.16137746
-0.20025514
-0.15539595
-0.15973006
0.17275856
0.15688398
0.16281682
0.18744531
-0.16417524
-0.16083585
0.1607926
-0.16003919
0.19494294
0.1726576
0.17093424
0.1760454
0.1599346
0.18292357
-0.19120394
0.15398526
0.16073965
0.18367952
-0.1977239
-0.17717779
0.18876402
-0.16380739
0.1842119
-0.15291718
-0.16296524
-0.19311836
0.16613542
-0.19719167
-0.19224204
0.18471295
0.18962234
0.18084927
-0.15642478
0.15188831
-0.15706958
0.16595444
0.15573044
0.15161432
0.18303572
-0.19287412
0.15480094
-0.16745813
-0.15171035
0.15360391
-0.19235022
0.1688014
-0.17009282
-0.18594581
-0.16186993
-0.17226036
0.1640167
0.15970103
0.17485516
0.1508125
0.17386667
-0.15540405
-0.15994558
-0.16605984
-0.19706686
-0.16917808
0.17590609
-0.17710789
0.154412
0.1904571
-0.18394108
0.17168587
-0.16218516
0.1604777
-0.16823009
-0.17498907
0.15983039
0.18360887
0.17046866
-0.15428768
-0.1768745
-0.19161844
0.18732522
0.15722862
-0.17093015
-0.16371156
-0.18586808
0.15078053
-0.15189543
0.1584818
0.17364568
-0.18785387
-0.19827373
-0.15584347
-0.19795397
0.18680663
-0.16478753
0.185489
-0.15531269
0.17845732
0.17840788
0.17020051
-0.15474927
0.16182655
-0.17367579
-0.16576228
0.18918723
0.15368141
0.17117387
0.16208479
-0.18668637
0.16581784
-0.17179511
-0.16477366
-0.20023267
-0.16810611
-0.17279184
-0.15585946
-0.1838795
0.15988441
0.18324575
0.1548462
-0.16026278
0.18590441
-0.18653305
-0.17213775
0.1725496
-0.16060428
-0.1567524
-0.15994576
0.17324172
0.1580742
-0.16637781
0.1768155
0.15649943
0.17771494
0.18761325
-0.15991879
0.1809495
-0.17278011
-0.15501311
0.18172523
-0.16848104
0.17058305
-0.15710922
0.18585007
-0.16783428
-0.18185912
0.1510085
-0.20217161
-0.16239928
0.1677481
0.18896398
0.16530803
0.16393013
0.16912933
0.16074865
-0.1829971
-0.17044204
-0.19508386
0.17957953
0.19381347
-0.1965827
-0.18910214
0.19111162
0.17799087
0.16169108
-0.15375026
0.19112131
-0.18807548
0.15275127
0.1653598
-0.16437447
-0.19310123
0.18784642
-0.19138815
-0.16780946
0.19002308
-0.1816828
-0.16031165
-0.18792829
0.15496947
-0.17274176
-0.17551915
0.16981801
0.1929883
-0.18040255
-0.1527398
0.1799821
-0.15709434
-0.1631538
-0.17733425
0.17452358
0.19047964
-0.15777436
0.1782828
0.16658746
0.16927215
0.16708975
0.19265911
0.1763713
-0.17472747
0.15707871
-0.15433268
0.19568644
0.15461777
0.16112667
0.16852877
0.16369046
0.15758495
-0.17088974
0.15076236
0.15221778
-0.18452975
0.17091677
0.1560159
-0.15586573
0.18594712
-0.1576721
0.15868407
0.16500075
-0.20276426
-0.19335483
-0.15154213
0.18371935
0.18686067
-0.17255932
-0.15130408
-0.17318475
-0.19554633
-0.19171134
-0.16662623
-0.1883294
0.16796756
-0.19006659
-0.17488727
-0.17628303
-0.19090211
-0.1755733
0.17397863
0.19816628
0.15900013
0.1554209
0.16767667
-0.15754156
-0.15500575
0.15676434
0.16909039
0.16962384
-0.1903038
-0.19574808
-0.17913052
0.15881576
-0.1580977
0.1764126
0.17916241
0.17876709
-0.16076833
-0.19434783
-0.18540129
0.16316856
-0.1657203
-0.15570767
0.15604968
0.19277461
0.16483495
-0.15785606
-0.1588836
0.19366668
-0.15266389
-0.16375357
-0.17743991
0.16331883
0.16026999
0.17188384
0.16942841
0.15816218
-0.15919833
-0.16876306
0.18221809
-0.18411818
0.18197289
0.18940128
0.16409646
-0.19864255
-0.18928637
0.1591581
-0.17212689
-0.1512847
0.1814887
0.17908923
-0.15725856
0.1544495
0.16667938
-0.17448224
-0.17486717
-0.1718697
0.15479395
0.17643234
0.18795864
-0.19249742
-0.1679561
-0.15731932
-0.16082042
0.15773728
-0.19881684
0.15592305
-0.16636316
0.15900165
0.18280624
-0.1607392
0.20048806
-0.15290037
0.15801619
0.1638564
0.15201814
0.15993021
-0.17920035
0.15990251
-0.17109555
0.1763438
0.15445337
-0.15758803
-0.18015501
-0.17136283
0.16699174
0.15352099
-0.1601352
-0.17479038
-0.17146057
-0.18571673
0.16139232
-0.18054508
-0.18033332
-0.18803903
-0.1909091
0.19280352
0.18418327
-0.15530752
0.16960454
-0.15171231
0.17174515
-0.15925872
-0.17077085
0.18818562
-0.18839802
-0.15280643
0.15576044
-0.16221291
0.18418619
-0.15970805
0.17701006
-0.17168467
-0.19090384
-0.16437444
-0.16568595
-0.16186535
0.16453545
-0.18465829
0.16860357
0.15031247
0.16588587
0.17526971
0.16656253
-0.15855192
0.16603424
-0.15978286
0.1983514
-0.16772225
-0.15384829
0.16263491
0.17392808
-0.19205491
0.17542243
0.16434571
-0.16364235
-0.16214372
0.15961991
0.16941331
-0.19826052
0.19382994
-0.16174322
-0.16042744
-0.156143
0.15086968
0.19155076
0.16997625
0.15605165
-0.1689866
0.16721627
-0.20542572
0.16503057
0.1921892
0.16588812
-0.1654295
-0.20427108
0.16739966
-0.1893203
-0.18203603
-0.15900572
0.17839167
-0.1647968
0.16048849
0.15774292
-0.15950775
0.17433399
-0.17016225
-0.17146033
-0.15135089
0.1673984
0.17767808
-0.170218
-0.17833742
0.16201209
-0.18661384
0.15852267
-0.20423247
0.19673936
-0.17225772
0.18313934
0.1786057
-0.18697149
-0.19834088
0.19341765
-0.17370325
0.17681685
-0.19200037
0.15086593
-0.17736992
0.17536667
0.15153503
-0.17913796
-0.16920617
0.1836205
0.17284887
-0.1527538
-0.17400783
-0.19380318
0.16971949
-0.1503701
0.16742018
0.15301846
0.17874575
-0.17074326
-0.17827587
-0.16340357
-0.16288394
-0.16167393
0.16810346
0.18391928
0.15535635
-0.19600335
-0.15930897
0.17541188
0.17396697
-0.15993449
-0.15743044
0.16644014
0.18849541
-0.16058375
0.16329458
-0.16854072
0.15679678
-0.1957356
0.17172377
0.15299435
0.15945204
-0.19857764
0.1859118
-0.18238658
-0.1666819
-0.16254045
-0.15052511
0.15355366
-0.1571214
-0.15546438
-0.18142962
-0.19411439
-0.17686988
-0.18598767
-0.16456577
-0.157731
-0.1982718
-0.15629289
0.18759084
0.16602863
-0.17051184
-0.19306293
-0.19570012
-0.15441152
-0.17212927
0.1538774
0.18665493
0.1688326
0.17675562
-0.16420902
0.16624169
0.16314204
0.16430017
0.18924966
0.19395518
0.1632471
0.16428624
-0.19454432
0.1922371
-0.1774575
-0.15110892
-0.15685372
0.1732871
0.17102893
0.16336946
0.15268765
0.16792446
-0.16039982
-0.17790414
0.15568788
0.19242842
0.16756994
0.17994823
-0.17825277
0.15203927
0.16443057
-0.1576924
0.19272016
-0.18198356
-0.16126624
0.18775268
0.16841868
-0.15575467
0.19509207
0.16169456
-0.18863627
-0.20228265
-0.17916808
0.17311573
0.15762286
0.17938969
0.17208625
-0.15911327
0.16407847
-0.16542104
-0.18742041
0.176792
-0.15864441
0.15479673
0.15037836
0.18181689
-0.16485682
-0.17267275
0.16258472
-0.15860634
-0.16949458
0.15954098
0.18409126
0.16142538
-0.18543756
0.1833734
-0.1576407
-0.15178612
-0.18860723
-0.16636376
0.19628593
0.17014532
-0.16111845
0.1918856
0.15412751
0.16731146
0.17756802
-0.17468706
0.15535973
-0.20499803
-0.16575989
-0.1683688
0.15957226
0.16735461
-0.16760115
-0.16148755
-0.1750824
-0.16369924
0.1856463
-0.15503642
-0.17005745
0.15700641
0.15950541
-0.15769392
0.15101676
-0.1522663
0.18141055
-0.18520822
-0.15170601
-0.18482809
0.15101491
0.1891397
-0.15324119
-0.17866671
-0.16537622
0.16582157
0.16362531
-0.15699595
0.19072291
-0.1858539
0.1725497
0.18246095
0.1527141
0.18764314
-0.16224726
0.16818708
0.1737805
0.1963958
-0.15951614
0.19579871
0.15816568
0.16022852
-0.18040013
-0.18030772
-0.19643474
0.1546835
-0.15167916
-0.15939653
-0.1950446
-0.16394715
-0.19523065
0.19480348
0.15471749
0.17803586
-0.1592495
-0.17557253
0.19229212
0.16383955
-0.17453597
-0.18708211
-0.15286735
-0.19507937
-0.16033578
-0.1960674
-0.17821164
-0.16164944
-0.17563505
0.17641199
0.1557332
0.15634327
0.17538318
-0.17406541
-0.18246986
-0.15510422
-0.17194839
-0.19511932
-0.15338586
0.15468137
0.1956242
0.16608837
-0.1530277
0.17680572
0.16309956
-0.15817727
-0.1936831
0.16940196
-0.18823332
-0.15361607
0.18042749
-0.15219869
0.16486731
-0.1717703
0.15632467
-0.1649792
-0.17030372
-0.1523646
-0.15375857
-0.15282863
0.15242784
0.1630007
-0.16947299
0.17159416
-0.157128
-0.18317395
0.1891503
-0.17120722
0.15697014
-0.18176514
0.18975991
0.19672576
0.19693321
-0.16329737
-0.16988623
-0.19027388
-0.17595707
-0.17549999
0.16076422
0.19326283
-0.16671039
-0.16556485
0.19255036
0.1754475
-0.1697086
-0.18073621
0.15639131
0.19428574
-0.17298886
-0.16763717
-0.15433271
0.16364504
-0.15872552
0.16292608
0.15722711
-0.15525603
0.16066183
-0.18578225
-0.15549876
-0.17213318
-0.16869666
-0.16680363
-0.1942864
0.15624717
-0.17065084
-0.17211318
0.1642566
-0.19055426
0.19208726
-0.15365025
0.17058802
-0.1650113
0.16913722
0.18893726
0.17916493
0.15067284
0.18913978
-0.17879367
-0.16552761
0.15818484
-0.15954679
-0.17887418
0.16530949
-0.15887097
0.17738405
-0.18623269
-0.1698646
-0.17457516
-0.16777864
0.18476084
-0.16997765
0.19841318
0.16188799
0.18122748
0.16460145
-0.16386151
-0.16808592
-0.18213645
-0.15094581
0.15268262
0.1597302
-0.16905186
-0.19280192
-0.17105523
-0.15480366
0.17014897
-0.16551371
0.15514939
-0.18938689
-0.1590428
0.16234404
0.1599469
0.1514333
-0.15114218
0.1902961
0.16375445
0.17068675
0.16403209
0.17325756
0.15154512
-0.15638468
0.19382085
-0.16814463
0.17947584
-0.16620383
-0.17930573
0.1858359
0.16780178
0.18319003
-0.18019907
-0.17925693
-0.1822455
-0.17534047
-0.15051217
0.1808421
0.17937003
-0.17687836
-0.15354156
-0.15603353
-0.1626227
0.17754842
-0.19935508
0.19238251
0.18695356
0.16406079
0.19511533
-0.1946135
0.16821256
0.16697784
-0.16742103
0.17459516
0.17565845
-0.15837845
-0.18126886
0.15332256
0.17103477
-0.15107442
0.16622828
0.165283
-0.16518277
-0.15781948
-0.18699273
0.18115716
-0.16994241
0.16078845
-0.15745276
-0.16286175
0.19942167
0.16325834
0.19961643
0.17539321
0.15785813
0.16950773
0.15363836
-0.16244777
-0.15907933
-0.17508326
-0.17476325
-0.19326423
-0.17801875
-0.19026218
0.20130786
0.19120298
0.17188096
0.20299098
-0.19012053
0.18110614
0.18022153
0.17421398
0.1539447
0.17315002
0.16911204
-0.17233016
0.18599674
0.16847308
-0.18246932
0.19025235
0.202213
-0.18026146
-0.18257783
-0.1585814
0.15396409
0.18903278
0.20108524
0.16260594
0.18215534
0.15163743
0.17740221
-0.15546547
0.16686532
-0.15961082
-0.15981695
-0.18567409
0.18870132
0.17826761
0.19957285
-0.18002506
0.16264135
-0.15314092
0.19111782
0.18748528
-0.18394104
-0.17090692
0.19310117
-0.18068674
-0.17657855
0.19170958
0.18235917
0.15109067
-0.1758796
-0.18720357
-0.15550208
0.15346895
-0.1838181
-0.17045529
-0.16837223
0.15943296
-0.16190855
0.16604076
-0.17051466
0.18252733
0.17204966
0.17020771
-0.17367443
0.1539321
0.15088779
-0.15484433
-0.1835859
-0.16006699
-0.19621192
-0.17272373
0.19574548
-0.1976318
-0.18106262
-0.16523929
0.167723
-0.16150445
-0.15883264
-0.1612057
0.19499217
-0.16934733
-0.15536162
0.1928178
-0.19685343
0.1678979
-0.15756688
-0.15885699
-0.17579934
-0.19030733
0.19837506
0.19746989
-0.16794464
0.17311613
-0.15643626
0.1946274
0.19178423
-0.19928205
-0.17516685
0.15715042
0.15430342
-0.15798537
0.17528394
0.17863686
-0.19200806
-0.17080721
0.1876741
0.17306659
0.18035343
-0.15442245
0.16154297
0.1722072
0.17906676
0.15561776
-0.16935806
-0.19684951
0.19600317
-0.1669081
0.17555343
-0.17787355
-0.1761793
0.1594531
0.16430506
-0.1539305
-0.16845146
0.17067388
0.15309395
-0.18024495
0.17554496
0.20040432
-0.19305636
0.15878844
-0.17040013
0.16290529
0.15208407
-0.1696343
-0.15618524
0.19368266
0.16007604
0.15278515
-0.16089757
-0.16994108
0.15743098
-0.16458273
-0.18200167
0.16618697
0.18468796
0.1909622
0.17732151
-0.17925787
-0.19769391
0.16796479
0.16504577
-0.17134304
-0.15213206
0.17616017
-0.15516609
0.19306289
-0.19752859
0.16614343
0.16200577
-0.15076411
0.1567815
-0.19621448
0.15720586
-0.20365825
-0.16118129
0.18556458
0.15324971
0.17840192
0.1771112
-0.17521283
-0.17458954
-0.18044768
-0.20087361
-0.1707589
-0.17985447
0.16751839
0.15087542
-0.17240752
-0.2017151
0.1591126
-0.1509915
-0.15952565
-0.17642224
-0.19052553
0.18570343
-0.15288733
0.16531749
0.18240575
0.1582291
-0.15548702
-0.15447336
0.18373069
0.18299684
-0.16370374
-0.17494264
-0.18246041
-0.16339566
-0.16723281
-0.19082591
-0.1850214
-0.15259051
0.16824496
0.16288412
-0.20010823
-0.16880201
0.18479393
-0.16532016
0.18236224
-0.16059966
0.16410075
-0.15866806
0.16890873
0.18199466
-0.15096717
0.17184946
0.1683134
0.18401699
0.18433906
-0.18716975
0.15263243
-0.20335022
0.15444683
-0.16711783
0.1525412
-0.15610269
-0.15195853
0.15282579
-0.15138319
0.16205008
0.17369024
0.17476611
-0.19508499
-0.15719838
-0.18504563
0.1860701
-0.17758456
0.19375582
-0.15477127
0.18036906
-0.16340764
0.19095623
-0.18290906
0.16900758
-0.1746539
0.15074569
-0.16261807
-0.1622704
0.17143688
-0.17231598
-0.1636939
-0.15193203
0.18899937
0.18516448
0.15671684
0.16394594
0.16196188
-0.18658052
0.19181533
0.15653759
0.15616322
-0.15265115
0.16608208
-0.16919065
0.16678087
-0.19948427
-0.19070013
-0.1656223
0.16506352
0.16419718
-0.15503675
-0.1806406
0.158223
0.18248151
-0.1863082
-0.1834705
-0.15717992
-0.20371984
0.17212695
-0.17569658
0.18286525
0.15816382
-0.15874575
0.16517434
0.16444638
-0.19795042
0.18275459
0.17889927
0.18803045
0.16506232
0.15916485
-0.19145232
0.1778343
0.17401813
0.17203346
-0.15109247
-0.20030703
-0.17612934
0.18206972
-0.16406474
0.1662522
0.15597399
0.19923356
0.15390842
-0.16055281
-0.19653602
-0.16248655
-0.20062093
0.18642129
0.17640197
-0.17162311
-0.18123211
0.17880033
-0.15582643
0.18104002
0.19262126
0.20039457
-0.19096226
-0.19012704
0.17134312
0.18573482
0.17257571
-0.16880766
0.19487484
-0.19948727
-0.19627999
-0.1724954
-0.18809104
-0.15230627
0.16468166
0.17235593
-0.17737365
-0.20100166
-0.16687728
-0.1503406
0.18823183
-0.18534955
-0.1791901
-0.18343678
0.18028952
0.16759911
-0.15845297
0.16234198
-0.16056716
0.16254443
0.16349953
0.15384997
-0.16491856
0.15760978
0.15655956
-0.18798661
-0.15942329
-0.16762884
0.16892724
0.17688265
-0.15485257
0.15431817
-0.1703767
0.1924411
-0.16081418
0.15941443
0.17475387
-0.19877367
-0.15205045
-0.17029
0.18936205
0.15643431
-0.19633403
0.15337798
-0.18430035
-0.17325778
-0.15642914
0.16713478
-0.15393928
0.19331598
0.18368573
0.15249553
-0.18878466
-0.17231642
-0.15321779
0.15358242
-0.16450126
0.15836182
0.15636559
0.15869805
-0.17533989
-0.19728568
-0.15220378
0.16584842
-0.15226632
0.15676974
-0.15983507
0.15964417
0.15265436
0.15160277
0.16741341
0.15299575
0.18922529
-0.17286932
0.19270776
-0.17210174
-0.17661147
0.16082698
0.1523882
-0.19147585
0.16424483
0.18065229
-0.16663724
-0.19253433
-0.18662386
0.17461237
0.15522504
0.17126764
0.16847318
-0.16385086
-0.15746908
0.1535213
0.19168343
-0.1509312
-0.20234857
0.15690105
-0.19676831
-0.15636262
-0.15510449
-0.19415767
-0.19728681
0.15074028
-0.18431856
-0.16117373
0.16066453
0.18510349
0.18128672
-0.15145417
-0.15122786
0.17923196
0.18909772
0.15850495
-0.15118727
-0.17723274
-0.1654206
-0.16208486
-0.1923319
-0.20428447
-0.1674218
-0.19941913
0.18662666
-0.15605633
-0.1519379
0.17317207
0.18655102
-0.15827997
-0.1792087
0.17710964
-0.1685541
-0.15847036
-0.17188276
-0.16606544
0.18631442
0.18359834
-0.15298125
0.15283924
-0.17796643
0.17956434
0.19914779
0.18207519
-0.15698613
0.18989241
-0.16145162
-0.1711829
0.1535261
-0.15243275
-0.19003937
0.15776126
0.16404697
0.16716829
0.15250063
-0.16552415
0.15569954
0.1986932
0.17484109
0.16065001
0.1972708
-0.18496792
-0.16148077
-0.16791269
0.15502352
-0.1888948
-0.18261392
0.18371521
0.16060576
-0.15464784
0.18171321
-0.1530192
0.16728272
-0.1539921
0.19598342
-0.18737556
-0.1901411
-0.19289662
-0.15750654
0.17364287
0.1598888
-0.1653835
-0.15342265
0.15407558
-0.17541295
-0.16647865
0.19198301
-0.19050732
0.15497129
0.20348898
0.15943892
-0.15239722
0.16805033
-0.19285673
-0.18095338
0.16656093
0.16899689
0.15633427
-0.20640318
0.16093764
-0.19147232
-0.1530174
-0.1549887
0.17730832
-0.1906062
0.16920295
0.17758226
-0.158213
0.15374629
-0.16272514
-0.17048046
-0.16987178
-0.17368503
-0.16778544
-0.16260082
0.16152325
-0.18791397
0.16446617
-0.1589881
-0.16140093
-0.15303017
0.15522493
0.18587591
0.15092343
0.15297303
-0.16293094
-0.15024294
-0.1521421
-0.15401016
-0.17298208
0.15042423
0.1932897
-0.15827774
0.15239662
-0.1750289
-0.15683782
-0.19391416
-0.16487288
-0.18158028
-0.17022896
0.19428287
0.15126777
0.1730766
-0.19214234
-0.15520409
0.16134882
0.19667655
0.17656833
0.15930796
0.1689917
-0.17014754
-0.17905246
-0.16192393
-0.19527255
0.15138309
0.18917575
-0.15696307
-0.15577036
-0.20112938
0.16283248
0.15262435
0.18008761
0.15311028
-0.17335515
-0.17291132
0.16778085
0.19143716
-0.18587081
-0.15202971
-0.17590834
0.16477145
0.16821331
0.16876966
0.16006455
-0.15353319
-0.19729385
0.19749144
-0.18710081
-0.15806125
0.17551109
-0.16943006
0.15903246
0.19676732
-0.17019317
0.18524536
0.16678904
-0.19788904
0.15850003
0.17420048
0.16070999
0.17423911
0.16051534
0.15275493
-0.1504443
0.19438419
-0.19197495
0.15949717
0.17081445
-0.18708666
-0.17731494
-0.15779443
0.15488194
-0.18875822
-0.16327497
-0.1634308
0.17410177
0.15823115
-0.19591005
-0.18135768
-0.18703337
0.16315307
0.16057473
0.15518437
0.15661886
-0.17029563
-0.16915846
-0.18577738
0.17254716
-0.165152
-0.17279269
-0.18676625
-0.17616408
0.19333331
-0.18345025
-0.1887731
-0.17326216
0.18084548
0.15416288
0.1972441
0.15131783
-0.16640012
-0.15085866
-0.16937126
-0.19043809
-0.18773068
0.18081333
0.15227792
-0.15135562
-0.16559821
0.16204329
-0.16445592
-0.1944593
-0.18875603
0.1597493
-0.18394563
-0.17329583
-0.18395822
-0.15183824
-0.1565907
-0.1926668
0.15226768
-0.18097265
0.16871057
-0.18130824
-0.17413045
-0.19263868
0.17067154
0.19193707
0.20315644
-0.19511694
0.15089273
0.16315933
-0.15965097
-0.17897467
-0.17327692
0.20171878
0.16957624
-0.17625244
0.16864173
0.15800521
0.18489419
0.19308318
0.1521281
-0.16222042
-0.15938771
-0.16011317
0.17438403
0.19444464
-0.18537076
-0.15767807
-0.18902805
-0.18004557
-0.15199336
-0.1753917
0.16211465
-0.18576749
-0.16899003
0.16091628
0.17909303
0.15266697
0.16055399
0.15194868
0.1524356
-0.18224114
-0.16000244
-0.16690719
0.19212013
-0.16314767
-0.17790677
0.15968142
-0.18163666
-0.15250471
0.18125406
-0.17959845
-0.1789443
-0.17328851
-0.18632378
-0.19376
-0.15994263
0.15864962
0.16131142
0.15460879
-0.18911695
0.16296655
0.19404435
0.18255115
-0.1552518
0.1639966
0.18057792
0.16645367
0.18619397
-0.17622618
-0.17351833
-0.16279787
-0.1622746
-0.16449727
-0.19648382
0.15319072
-0.16226932
-0.15439379
0.15570389
0.17659958
-0.18594241
-0.18234399
-0.17359224
-0.15113458
-0.19796023
-0.17269501
0.16826952
0.15156649
0.16772099
0.20524403
0.19656749
0.18223135
-0.15490301
0.19961342
-0.1570692
-0.20247322
0.19113955
-0.16691326
-0.17100166
-0.18058291
0.2019013
0.19627662
0.19975697
-0.19465666
0.15639712
-0.16363144
0.19318105
-0.18190658
0.17161016
0.19145602
-0.15519741
-0.15126225
-0.15519248
-0.16286658
0.15531485
0.16926982
0.17406125
-0.16617265
0.15913068
-0.18705778
0.1727868
0.16541755
0.201132
-0.17222956
0.16249011
-0.15067483
0.19147561
-0.15963964
-0.16676302
-0.18907113
-0.16279906
0.17664951
0.19356717
-0.17410167
-0.16130622
-0.1582116
-0.15735441
-0.17062072
-0.19331025
-0.17672096
0.19537063
0.15848202
-0.1969746
-0.16606805
-0.15990746
0.16941199
-0.18031621
-0.16011946
-0.18263274
-0.16590506
-0.17281601
-0.18688738
-0.15680173
0.15386538
0.16258466
-0.16177216
-0.18091919
-0.19581006
-0.18711479
0.153225
-0.15926298
-0.16496818
0.17098247
0.16634637
0.17542486
0.19506747
-0.17590329
0.15531094
0.18535592
-0.16118182
-0.18696238
-0.16366468
0.19508877
-0.15828072
-0.17850034
0.16412447
-0.1539741
-0.18585974
0.16767627
-0.16441824
0.16312143
-0.16176386
-0.19092439
-0.15992801
0.16901506
-0.15347943
-0.1885358
0.16138865
-0.15770707
0.18649046
0.15868561
-0.17267798
-0.1648649
0.17189354
-0.17916565
-0.18217671
0.15697798
-0.1919597
-0.18304883
-0.17290923
0.15443659
-0.17370631
0.18383405
-0.15202494
0.1617358
0.1615067
0.17011687
-0.20143753
-0.15406601
-0.17253685
-0.16288194
-0.15370373
-0.15020671
0.19203085
-0.16000642
-0.1801934
-0.15571862
-0.1782281
-0.1578312
0.16951871
-0.1667876
0.15154088
-0.17338575
-0.17018943
0.19671611
-0.18330349
-0.18386284
-0.17007703
-0.15884025
-0.15933079
0.17148614
0.16430962
-0.16085745
0.15116261
-0.15402867
-0.1725678
-0.15690362
0.15275116
0.15024894
-0.1711166
0.17204495
0.1525049
-0.17229384
0.16736221
-0.20002237
-0.16131748
-0.19580859
0.15467438
0.17194678
0.15548857
0.18046063
0.18266061
0.19535512
0.153918
0.16921146
0.16534989
-0.17901853
-0.18748404
0.1825314
0.16750713
-0.17953545
-0.17556982
-0.17323804
0.18285161
-0.18275514
-0.19080526
-0.16109584
0.18312454
0.15659563
-0.17922823
-0.19282912
-0.15438762
-0.19425882
0.16902374
0.16529906
-0.15103851
0.16888055
-0.16160743
0.15938687
-0.19408834
-0.19446027
0.1829514
0.19217199
0.15123983
-0.15392976
0.17822973
0.16076505
-0.1587847
0.16354531
-0.15758747
-0.15340884
0.15305151
0.15540001
-0.16858219
0.16273062
0.19149087
0.18968923
-0.19529128
0.16274804
0.16121556
-0.18336461
-0.15348352
0.19334733
-0.20059083
-0.15336281
0.15531954
0.19750626
-0.15846357
0.15400337
-0.17999491
0.1969935
0.15712559
-0.18623713
-0.19785155
-0.15507844
0.16205335
-0.18273623
0.19878948
0.1695053
0.15466665
-0.17847829
-0.16093558
-0.15162297
0.18519795
-0.16431338
0.15946649
0.1709954
0.19474994
-0.17573142
-0.19280164
0.17545071
0.16713332
-0.16021381
-0.18749854
0.16247049
-0.15099542
-0.18484381
0.15590654
-0.15058973
0.16800821
-0.16001609
-0.16517623
0.16161764
0.15141459
0.15579182
-0.15130013
-0.20141546
0.15651037
-0.15318385
-0.16577797
-0.17870176
-0.19154556
0.16872224
0.15692545
-0.16411054
0.17764431
-0.17617981
-0.1562543
-0.18264441
-0.15366547
0.15516667
-0.17057803
-0.17384095
-0.18568261
0.15400296
0.17623544
-0.18177173
0.17156246
-0.1635266
-0.15634294
0.15896757
-0.18008651
-0.19607012
-0.17245306
0.18590581
0.1790826
-0.19679202
0.16986562
-0.19399875
0.1760906
-0.17223458
0.15375343
-0.17075802
0.17344163
0.18887116
-0.1851456
0.16122794
-0.16340908
0.15294139
0.1756397
-0.19385056
0.18576977
0.16806859
-0.17104906
-0.19099502
0.18110274
0.1870988
-0.15230395
-0.15887786
-0.17938867
-0.18766622
-0.16102241
0.16498683
-0.17264372
-0.18364434
0.18021834
0.17587285
0.16207694
0.18375301
0.16724017
0.15317656
0.16042718
0.15765609
0.16731124
-0.18025292
-0.16650057
-0.1541668
0.17641242
-0.16076323
0.1583116
0.19363143
0.16879101
-0.1511634
-0.17853604
-0.18083982
-0.16151276
0.17827992
-0.15089771
-0.1873125
0.15516947
0.16690294
-0.151607
0.15766153
-0.19845259
-0.15208213
-0.20581435
0.16427247
-0.19850756
0.18772909
0.15476759
-0.1720204
0.15139529
0.16413721
0.16892813
-0.19195618
0.15849853
-0.15936968
-0.16882153
-0.19411166
-0.17701161
0.16176705
-0.20179994
-0.15176602
-0.20525812
0.1612446
-0.18531121
-0.16059774
-0.1515175
0.15287499
0.1819667
-0.18791331
0.17968422
0.17016417
0.1719158
0.16433527
0.19164895
-0.16136403
0.17750427
-0.18472181
-0.1871245
0.15130757
-0.17390712
0.18812564
-0.1925747
-0.19007245
-0.18994068
-0.19125813
-0.15754268
0.1537727
-0.17759138
0.16269596
0.19387567
0.18909262
0.1613782
0.16123201
0.18185765
0.16679604
0.1620091
0.1517797
0.1904787
-0.1586214
-0.16785482
-0.16021463
-0.20166782
0.16767266
0.1942806
0.1621609
0.15440524
0.16807367
0.18118002
0.178621
-0.16629365
-0.1645
-0.19848138
-0.19374537
0.17193495
-0.18632403
0.17183049
0.15458576
-0.16344048
0.17632864
0.15626971
0.15322879
-0.1902957
-0.19605261
-0.16878335
-0.15804017
0.15643506
-0.19013011
0.18143655
-0.18989842
-0.16876563
0.18176183
-0.17879528
0.15243739
-0.1853187
0.16845992
-0.16003819
-0.1567978
-0.20255409
0.16471916
-0.16188408
0.19375218
0.18799995
-0.16411799
-0.1828348
0.15032434
-0.18257226
0.19141065
-0.17842239
-0.1763936
0.16854502
0.17367756
0.16731651
0.15066034
0.15038368
-0.18584526
-0.20103115
-0.16344272
0.19756489
0.17290801
-0.19040126
0.18323977
-0.17691846
-0.18755764
0.15580946
-0.181316
0.1692718
0.1516786
0.16470486
0.15340912
0.16966113
0.16033773
-0.16210184
0.18493772
0.1567023
0.156216
0.15359919
0.15868206
-0.1546329
-0.16257057
-0.19104694
-0.17727014
-0.18554662
-0.15563151
0.15366898
-0.16669682
-0.18075337
0.15649897
-0.15594521
-0.17349242
0.16272362
-0.17587526
-0.15910634
0.15818878
0.1737044
0.15253216
-0.18292132
-0.15435678
-0.17370659
0.17760442
-0.1551955
-0.16951574
-0.15740754
0.15776694
-0.17799127
0.17270502
-0.1585871
0.17044023
-0.16182184
-0.16675144
-0.1610934
-0.17102428
0.16049048
0.18675855
0.19456501
0.16966768
0.16216548
0.15244944
0.19700499
-0.17328697
0.16305012
0.18594208
-0.16055779
0.19057375
-0.16387218
0.16845796
0.17463289
-0.1885524
0.16411996
-0.1712675
0.15056586
-0.15399154
-0.15296108
-0.17459333
0.18600103
-0.19413024
-0.19051647
-0.16995363
0.17931317
-0.15209156
-0.1725757
-0.15079415
0.16595843
-0.17813693
-0.1896452
0.1721709
-0.16280432
0.17605008
0.16741829
0.153368
0.160398
-0.17111787
-0.1570588
0.17731465
-0.19525628
-0.17945585
-0.18415639
0.16515233
0.16355643
0.16130866
-0.20008895
0.1811272
0.15829031
-0.18791653
0.17684278
-0.15415753
-0.19901296
-0.18739063
0.176023
0.15797901
0.188425
0.15376408
-0.15688351
-0.16548048
-0.1504417
-0.18687946
0.16218305
-0.15039088
-0.18322912
0.15162317
-0.1508693
-0.192806
-0.16458702
0.18635225
-0.19492203
0.16633105
-0.16199428
-0.1565016
-0.16552077
-0.1571353
-0.15786716
0.1502333
-0.20164381
-0.18861052
0.18183315
0.18828465
-0.1629574
-0.17915794
0.15240756
-0.15409525
-0.1567213
-0.1523916
0.16732086
-0.17494059
-0.16329272
-0.17647384
-0.19569424
-0.19888945
0.1653245
0.18179429
-0.18300813
-0.19276379
-0.17801522
-0.16340792
0.16065362
0.18429965
0.1587569
0.16762994
-0.19579048
0.19752401
-0.16176262
0.15174316
0.15237157
-0.1677055
-0.15534167
0.18260382
-0.16868772
-0.18639919
0.15035953
-0.18424082
0.15735947
-0.15293969
-0.1851695
0.17996982
0.15794218
-0.18702954
-0.15651125
0.16150908
-0.15835491
-0.15216702
-0.15804487
0.15093032
-0.19945632
0.15468602
-0.17774528
-0.18866439
-0.15728787
0.15159148
-0.15817364
-0.18286179
-0.15106262
-0.17547484
-0.15257764
-0.15245971
-0.1695949
0.16108274
-0.19592056
-0.16554904
-0.18225801
0.16787587
0.18442824
-0.16051301
0.16685408
-0.15919755
-0.15418024
0.19392344
0.1906226
-0.1532783
-0.15043607
0.16202179
0.16206609
-0.17172594
-0.17522003
0.1701517
0.16594116
-0.1729642
-0.16979706
-0.17331262
0.17210458
-0.15116955
0.19821803
-0.1859774
0.1614321
0.16458106
0.15188341
-0.15449768
-0.18361978
-0.19098847
-0.16824976
0.19858734
-0.19678266
0.17789467
0.15530308
-0.18677539
0.16191941
0.19059306
-0.16937304
0.16565304
0.16357876
0.18138745
0.15841955
0.18433826
-0.18648265
-0.18935633
-0.17807357
-0.17395757
-0.15694903
-0.17365946
0.18255244
0.16217093
-0.1902908
-0.15871823
-0.16531773
-0.17256254
-0.16007489
0.17255041
-0.15760821
0.1696259
0.15250598
-0.17095603
-0.1697409
-0.15121862
-0.15905795
-0.1621816
0.16172634
0.1818344
0.18021408
0.15569654
-0.15805808
0.17353432
-0.17860952
0.17527233
0.17805153
-0.15811463
0.1636841
0.1550769
0.179535
0.17344525
-0.16199693
-0.17994113
-0.18719245
-0.16107117
0.17815526
0.15497713
0.17402205
-0.16424735
0.15601605
0.16685867
0.18706857
-0.18705593
-0.1717643
-0.15816297
0.18338954
-0.20070215
0.17792544
-0.15810028
-0.17592779
-0.19658552
0.16386186
0.19200453
0.1547762
0.17331533
0.18306307
-0.16418993
-0.18731979
-0.19908553
0.17758448
-0.15453273
0.16458835
0.16525811
0.17222415
-0.1517604
-0.16719326
-0.15990816
0.19072501
-0.16435786
0.16300076
-0.19513175
0.17067124
0.15832932
0.18618533
0.15609407
-0.16892132
0.17118531
0.1825472
-0.17050385
-0.18311252
0.1604493
0.17974555
0.15861815
-0.15585189
-0.15111732
0.1982344
-0.17283079
0.16606759
-0.18818116
0.15711327
-0.15442722
-0.1675825
-0.18501441
-0.15488656
-0.15514807
-0.18806458
0.17130685
-0.158079
-0.1966841
-0.18620174
-0.17037593
0.16493268
-0.16414462
0.15323597
0.15348072
-0.17230478
-0.15431465
0.1853327
0.17110609
-0.16583851
0.17056651
0.16277745
0.17623737
0.18166235
-0.16035141
-0.17417102
0.15916742
-0.16528554
0.1521831
-0.16307637
-0.16903256
