0.15451579
-0.16947371
0.15528059
0.17578062
0.1578855
0.16046852
-0.1886407
-0.18016796
-0.18242368
0.16206074
0.19905314
-0.15259762
0.169067
0.17458622
-0.18342237
-0.17165548
-0.15035513
-0.15229493
-0.18457884
0.15422878
0.18051705
0.15970103
0.18083096
-0.167154
-0.1887214
-0.16931887
0.18132849
-0.15764278
-0.19642308
0.17249738
0.18521683
-0.15431736
-0.15785293
0.17091173
-0.15175772
-0.16377921
0.15111141
0.17098524
-0.17069319
-0.19223002
0.18651779
0.16640225
0.1827915
0.18158501
-0.16106057
-0.16340666
-0.17363673
0.19662347
-0.190794
-0.20152251
-0.17606337
-0.15074565
0.2043345
-0.17169774
-0.16231588
0.15992217
0.18623894
-0.15125604
0.18502371
-0.19162591
-0.15469734
0.1614206
-0.16972469
0.16949506
0.18584727
0.15809128
-0.17697695
0.17116433
0.15642965
0.17414483
0.17524293
-0.15345006
0.17443468
0.16562958
0.15473504
-0.18160985
-0.19998376
-0.15902065
-0.19690084
0.15406363
0.1861264
-0.16424592
-0.19886477
-0.19332193
-0.19602063
-0.17989352
0.19393729
-0.1587594
-0.18266499
-0.18604824
-0.1606774
0.18380143
0.18629402
-0.159833
0.15309635
-0.17471057
0.17621249
0.15881689
-0.16866785
-0.20132104
0.19177538
-0.19964403
0.15628208
0.15251917
-0.19575651
0.15795293
-0.19565064
-0.16520646
-0.16878405
0.16883704
0.15301111
-0.15391757
0.19864288
0.15032482
-0.15922767
0.18289877
0.18758006
-0.19061056
-0.18149252
0.1989828
-0.1649709
0.17379971
0.1758442
-0.18632519
0.19349626
-0.16773248
0.17154728
0.18457225
0.17946608
-0.16519655
0.1557466
0.16556203
0.19799478
-0.17656569
-0.1759336
-0.16617669
0.16135456
0.19315062
0.15356025
-0.16961703
-0.19297239
-0.20244654
-0.15508014
-0.16727431
0.15550561
0.15388292
0.16856214
0.17643186
-0.17582403
0.17848857
-0.18033876
-0.18487118
0.17029156
-0.1730305
0.16642451
0.19000429
0.15674998
-0.1546011
-0.19101843
0.15833002
-0.15914296
-0.15673222
-0.16932741
-0.17196795
0.17425299
-0.18902662
0.17471169
0.15103081
0.18093328
0.19486415
-0.18757328
-0.16666156
-0.17769854
-0.15428713
0.18675923
-0.1512619
-0.17364222
-0.17578746
-0.17332101
-0.18166842
0.16371955
-0.1924671
-0.1792332
-0.18357389
-0.16525695
-0.16180608
0.17623317
0.15195039
-0.18822542
-0.15112315
0.17826217
-0.19420251
0.15489012
-0.17449786
0.1950453
-0.18451795
-0.15286748
0.16416213
0.16897853
-0.16923173
0.15321465
-0.19467369
0.18719995
0.15264069
-0.16944097
0.18821725
0.15598075
0.18158536
-0.16282317
0.19134328
-0.15972324
-0.15074266
-0.16415033
0.15582353
0.17322147
0.16871285
0.15907381
-0.17077477
-0.15223852
-0.15346357
-0.18457691
0.18782538
-0.1861827
0.15945655
-0.15853478
0.18793787
-0.17975248
0.16567872
0.17669645
-0.1979201
-0.17080066
0.16847324
0.16686764
0.17888641
0.17853144
-0.1690312
-0.19641314
0.15841848
0.17679495
0.15689985
0.16903445
0.18061154
-0.19489291
-0.1714356
0.1524538
0.18882379
0.16707896
0.19625217
-0.15783831
-0.1973218
-0.15201256
0.17739427
-0.15350597
-0.15913945
0.15845552
0.1885534
0.17780668
-0.18973891
0.20185596
-0.17358498
0.18766482
-0.17801924
-0.17446235
0.16220388
0.19667546
-0.16855709
0.17440738
-0.18855353
0.17833094
0.15991719
0.1517696
0.15420438
0.17712468
-0.19782898
0.16398062
-0.16349654
-0.16704567
0.17622398
0.15624686
0.15322977
0.15823227
-0.16230945
-0.17299108
-0.16205598
0.16177242
-0.15852804
-0.17418425
0.1833239
-0.19530748
0.1832227
0.19190872
0.19900575
-0.19007903
0.19632655
-0.17650306
0.1735043
0.16951784
0.1712925
0.16750857
-0.18401834
-0.15322064
-0.1577719
-0.18909757
-0.18339692
0.17550455
-0.1835446
0.1529411
0.16250338
0.15598969
0.15306385
-0.18761353
-0.1538593
-0.15321156
0.17821279
0.17323056
-0.19234674
-0.19221056
-0.17218366
-0.16849267
0.17063284
0.16485803
-0.15834087
-0.15637864
0.15149821
-0.1559075
-0.16645981
-0.19064389
-0.19555655
0.1929817
0.20689064
0.17143437
0.1541602
0.15616545
0.18111175
0.16264366
-0.1564048
0.16434543
0.18665205
0.16059038
-0.18249857
-0.15945438
0.19014701
0.16813861
-0.15239497
0.170818
-0.15052058
-0.18141517
-0.19622022
0.16413666
-0.18034455
0.16872653
0.1734385
0.18556814
-0.188488
-0.15788032
-0.17752387
-0.154698
-0.1595532
0.19041422
-0.15452589
0.15129429
-0.15590411
-0.15119088
0.16177213
0.15712702
0.19764881
-0.19435988
-0.17077276
0.15273498
0.18227081
0.17498963
0.19155952
-0.17416683
-0.15112114
-0.16386011
-0.15596552
0.16634162
-0.16634077
0.19638753
-0.17607076
0.18076763
0.16355154
-0.17077816
0.15103216
-0.18331519
-0.17311528
0.15299258
-0.17380516
-0.16042519
-0.17040785
0.151027
-0.18405108
-0.15913525
0.1714851
0.15119782
0.1767854
-0.17209415
-0.19596608
-0.1730132
0.15659444
-0.19059907
0.17481942
-0.19566521
0.17227381
0.16582315
-0.15817414
-0.15675367
-0.18249005
0.1888546
0.18567732
0.16701609
-0.19377488
-0.18834086
-0.16657808
0.15770549
-0.17642188
-0.17665218
-0.16407225
-0.17823939
-0.15614884
0.16851439
0.1908278
-0.17437555
0.16077836
0.15441203
0.17905705
-0.16379902
-0.18727858
0.18422306
0.15042895
-0.18478814
-0.20036879
0.16359127
-0.15055703
-0.16103187
0.16325437
-0.15363751
0.18651082
-0.17693663
0.16530131
-0.19594263
0.1964738
-0.18072301
0.15529406
-0.15906914
0.1800475
0.16444683
-0.17156821
-0.15374199
-0.15047611
0.15029646
-0.1672412
0.16507922
0.17824224
0.15060015
-0.1568117
0.16755106
0.16978168
0.17953752
-0.1887279
0.1643494
-0.16264066
-0.15206286
-0.1948059
-0.18154688
0.16001126
-0.15317775
0.1834811
-0.18682212
-0.1562044
0.1684251
0.15861763
-0.16336514
-0.15167145
-0.19203644
0.16848277
0.18804614
-0.15392303
-0.17830715
-0.15600926
-0.19062999
-0.1525347
0.18845938
-0.17936097
0.17436682
0.15528807
-0.17599607
-0.16858508
0.15689127
0.15835561
0.18704481
0.16119258
-0.1911842
0.17935249
-0.17117175
0.16192551
-0.16860358
-0.16190149
0.15982845
0.17099768
-0.1517621
0.15870398
0.18824613
-0.17127135
0.15765835
-0.17639175
-0.15274009
0.1825809
0.18436141
-0.17466146
-0.15706848
-0.15200397
-0.1897517
0.19559786
0.15679905
0.15813124
0.157875
-0.17738485
-0.16841564
-0.18454021
0.16909316
0.15928937
0.17627683
0.18196449
0.15027472
-0.16253175
0.18543798
0.15529618
0.1624956
0.15109634
-0.16370618
0.16440831
0.15168324
-0.17044215
0.18412827
0.15578634
0.17696792
-0.16879937
0.15164417
-0.18724784
0.1806758
-0.1541244
-0.20064764
-0.19868445
-0.15757738
0.15186648
0.16780615
-0.19186226
0.1805116
-0.16158275
-0.15081243
0.1647445
-0.15377544
-0.17101362
-0.17612502
0.16032542
0.16835524
0.15810537
0.16622701
0.18235266
0.18249716
0.15441892
0.15768291
0.1592024
-0.16901506
0.17116697
-0.17572689
0.1540865
-0.16917075
0.17882678
0.19490504
-0.16309448
-0.15509018
0.16604121
0.19465539
-0.1835135
-0.15634885
-0.16163805
0.18959205
0.15654106
-0.17065479
-0.15244295
-0.18464865
-0.18447971
-0.18557799
0.15171458
-0.15675323
-0.16871855
-0.19118883
-0.15682273
0.18287043
0.18605427
0.1538651
0.15837455
0.16647922
-0.18633613
0.18592158
0.1538313
-0.15032946
0.17748533
0.16584656
0.186819
-0.15632948
0.18693687
0.18228237
0.15825316
-0.15741132
0.1617916
0.18142016
-0.20455998
0.15232651
0.18599528
-0.16101368
0.1807991
0.18858136
-0.1733057
-0.16138393
0.19029348
-0.19068706
0.1839846
-0.18381637
0.15799287
0.18348269
-0.18241931
0.16862106
-0.17174627
-0.18887982
0.15030728
0.18743908
-0.15280595
0.18321566
0.15456644
-0.20187406
0.15686354
-0.16450384
-0.15542044
0.15657493
0.19151685
-0.1674038
0.17878963
-0.16146103
0.1575163
-0.17392874
0.17319354
-0.20008191
-0.15306336
0.17166938
-0.15170959
0.20077078
-0.15047705
0.15761614
0.16682439
0.1616971
-0.16968974
-0.15271437
0.1736232
-0.15312801
0.16673566
-0.15596192
0.16448525
-0.16511695
-0.19603966
0.15320438
0.1789061
-0.15251713
-0.19200347
-0.15049103
-0.16167481
0.16726682
0.166735
-0.15261178
-0.16161884
0.16166268
0.18826939
0.18404372
-0.1877234
0.17210375
-0.1557838
0.19335008
0.1724732
-0.1533844
0.17569421
0.15789135
0.175512
0.15300296
-0.19511959
-0.18919154
0.19979493
-0.1961381
0.15430361
0.17527404
0.18338087
0.15791081
0.16498019
-0.1546848
-0.18189073
0.19521903
-0.16595882
-0.16100319
0.17315868
0.1909943
0.15373652
-0.16799834
-0.15280129
0.15579109
-0.18940653
-0.1521323
0.16645321
0.15798253
0.16786218
0.19056083
0.15258546
0.16955033
0.17893405
0.1843756
-0.17476778
0.19635746
0.15701462
0.16177206
0.15138958
0.19678473
0.17191027
-0.16314441
-0.16815425
0.15869433
-0.19532116
-0.19260249
-0.19024211
-0.17530224
0.18404144
0.18416439
-0.17633398
-0.15545936
-0.18911967
-0.17641504
-0.15037484
0.15080798
0.15843318
-0.16120002
-0.16561727
0.17208716
0.1798225
-0.16128965
0.19544451
-0.17956229
-0.16174006
-0.19136271
0.18089347
-0.16589816
-0.16639976
-0.16208413
-0.15540212
-0.15512492
-0.16820058
-0.17564426
-0.16098808
0.1877609
0.18889469
-0.15734886
-0.17231159
-0.19521092
-0.1835069
0.1713762
-0.1692934
0.1922424
-0.19908494
0.18609188
-0.20092836
0.16025689
0.17155243
0.19368042
0.1742689
-0.17267507
0.15828872
0.16814604
-0.19328107
-0.18236703
0.18121605
-0.1532582
0.18279476
-0.15101436
-0.1593336
0.15969805
-0.15275869
-0.15081178
0.15630817
-0.18064907
-0.18289405
0.17447013
-0.19899191
0.16686648
0.18016063
0.16507682
0.16222598
-0.1820056
-0.18814157
0.17319755
0.1517607
0.17886655
-0.19207308
-0.204023
0.15661125
0.19041143
-0.1775738
-0.16485558
-0.19419369
0.16117054
-0.16281278
0.16443402
-0.15593295
-0.1583253
-0.17829804
-0.19863494
-0.17026545
0.17871454
-0.16484141
-0.1553976
-0.15984765
-0.16706055
0.16809927
0.16731147
-0.1865208
-0.1537098
-0.15809694
0.18740067
-0.1583138
-0.20664369
0.17323318
-0.16360359
-0.17712706
-0.18223602
-0.18650469
0.17183703
-0.15109383
-0.15486938
-0.18496223
0.16837049
0.15134832
0.15312372
-0.1911134
0.17530438
-0.16387112
-0.16090256
0.15041462
-0.17962815
-0.16051382
0.15182978
-0.1817612
0.18302879
0.15154493
0.16942729
-0.1687291
-0.19215445
-0.15484484
0.19121908
-0.1552264
0.1613967
0.17993757
-0.18532054
-0.15674786
0.16693696
-0.15250954
-0.19670428
0.18300599
-0.15159467
-0.16647968
0.18141095
-0.1911018
-0.1518354
0.19741064
0.1814253
-0.16139913
-0.1661642
0.19957444
0.16044465
-0.16208716
-0.15728675
0.1525838
-0.15726459
-0.17592987
0.19116963
-0.16077827
-0.15643634
-0.16385077
-0.16371387
-0.17124239
-0.15956432
0.15537415
-0.17418002
0.1640128
-0.16100006
0.17761429
-0.16987793
-0.16912769
0.15419106
0.16484842
-0.18130155
-0.1650444
-0.19028473
-0.19822486
-0.17463323
-0.16776578
-0.18897943
0.1868865
0.17703162
0.16057292
-0.17200246
0.16479048
-0.1744899
-0.20019199
-0.18809463
0.17136356
-0.15804619
-0.17179684
-0.16281736
0.15774548
-0.16537121
0.16457315
0.16174604
-0.16434121
0.15511094
0.15218428
-0.16026254
0.17839481
0.15938762
0.19203873
-0.16684613
0.17298315
0.15462136
0.15785612
-0.1566118
-0.18927853
0.17134182
0.16332692
-0.17572422
0.15120192
0.16051875
-0.16051461
0.19910087
0.16637203
-0.20257692
-0.15867898
-0.19549568
0.16148198
-0.15529384
-0.15921852
-0.19887005
0.1959506
-0.19249201
0.15289934
-0.19341022
0.16185743
-0.15190962
0.15369312
0.16648088
0.15489814
-0.17068876
-0.15614627
-0.15637375
-0.15246645
-0.19536386
0.16433327
0.17924273
-0.1814158
0.1529759
-0.17601919
-0.19234149
0.19645172
0.17626801
0.19129379
-0.18079247
0.16763066
0.17439081
-0.15164748
-0.19217743
0.15744531
-0.19088441
0.17844553
0.16173248
-0.18015164
0.1688604
0.15384923
0.15859498
-0.17645112
-0.1612561
0.16521898
-0.18193588
-0.15313667
0.17050783
-0.1721417
-0.19122028
0.1568231
-0.1615666
0.18761283
-0.17294163
-0.15462083
0.16916315
-0.17233492
0.15392277
0.15094438
-0.15271433
-0.17561017
-0.16308741
-0.1721485
-0.17763706
0.16230415
-0.16055489
0.18665968
0.15563956
-0.15323098
0.1553111
0.15062252
-0.18698388
0.16800964
0.15065871
0.1509479
-0.17940292
-0.1784646
-0.1702089
0.16713884
0.17539379
0.19868311
0.18008228
0.17249739
-0.18153009
-0.17248712
0.17612648
0.16543339
0.1711401
0.16413382
-0.19168669
-0.1684351
-0.16854852
-0.19356656
0.15075769
0.16388257
-0.18077104
-0.1518755
0.1922026
-0.16445673
0.15034094
-0.19023354
0.18977101
0.17890988
0.19315551
-0.19890723
-0.18568589
-0.15065238
0.18318549
0.1772701
0.18149444
-0.19591798
0.15177964
-0.1736146
-0.15734889
0.15743692
-0.157905
-0.16223624
0.15650514
-0.15512696
0.15778191
-0.1713586
-0.18609758
-0.15867321
-0.16895245
0.19237682
0.15927066
-0.15406078
0.15698454
-0.19688646
-0.18432048
0.15309042
0.19537517
0.16763267
0.19146606
0.16991086
0.1870953
-0.1839154
-0.17161402
0.16607155
-0.19120373
-0.15503162
0.18348274
0.16000882
-0.17119397
-0.16299352
-0.15351354
0.16909361
0.16687383
0.19861928
-0.18628086
-0.15176302
-0.1658105
0.16136946
-0.16073513
-0.1606607
-0.15299685
-0.16865169
-0.17139462
-0.15904093
0.15102708
0.17387225
0.16213614
0.15820864
0.15562075
-0.15565737
-0.15266775
-0.1732737
0.15484254
0.15873589
0.17543118
0.1634186
0.1586892
0.15441146
-0.1515979
0.1914986
-0.19071224
-0.1534723
0.1634127
0.15666112
0.18599789
0.15183112
0.1599413
0.1525105
-0.16621348
0.17533249
0.16683997
-0.20293804
0.18336576
0.17755732
0.16471663
-0.15837756
-0.18273938
-0.2025281
-0.18355867
-0.16475981
0.16659869
-0.1664544
-0.17477255
0.16239111
-0.16955355
0.1954669
-0.17022264
0.15171404
0.16817877
-0.16254948
-0.16650411
0.17208299
-0.15042692
-0.17919922
-0.16890557
0.15763035
-0.20318194
0.16365318
-0.16592117
0.18861575
-0.15520245
-0.17191677
-0.18229856
-0.17025407
0.18684861
-0.20453888
-0.16619778
-0.18377417
-0.20052199
0.15832411
-0.1505279
-0.15807764
-0.17041866
-0.1685923
0.16881411
0.1750356
-0.17715672
-0.15964437
0.16698973
0.1857655
-0.2021363
0.16856712
-0.17838183
0.17090644
0.18986319
0.17652087
0.1705481
0.1507879
-0.17319523
-0.15346292
-0.2000301
-0.17376116
0.15026997
-0.16689287
0.15626834
0.1773612
-0.1614636
0.15798533
0.18128632
0.15120493
-0.15368028
0.15656076
0.1718588
-0.19824655
0.20421593
-0.17794746
0.16379607
-0.18475053
-0.17572975
-0.15260364
-0.15584572
0.16044089
-0.17759301
-0.17983483
-0.16267177
0.19979978
-0.19959438
-0.19256464
0.18977904
-0.17445692
-0.16162077
0.19003502
0.17889419
-0.17361504
0.188236
-0.18139452
0.17511763
0.18202646
-0.18212342
-0.17566672
0.17160834
-0.17405292
-0.19926062
0.17693514
0.17460437
-0.20116633
-0.18386367
-0.17594425
-0.19850297
-0.18599246
0.16655783
0.18677199
0.16713205
-0.17676914
0.18932706
-0.15256241
-0.18266639
-0.16079558
-0.15568697
0.15759747
0.1552667
-0.15517095
-0.18511987
-0.16516359
-0.1981178
-0.16007733
-0.17971155
0.18830591
-0.17044798
0.20092992
0.15822242
-0.1775049
-0.16029735
-0.18718563
-0.17419392
0.1677823
-0.18947949
-0.17765391
-0.20011404
0.18712431
0.15423463
0.2000117
0.16092466
0.18033257
-0.15087946
-0.16474196
0.18420665
-0.15435039
-0.17089967
0.18373758
-0.15618747
-0.17172156
-0.1827723
-0.18459886
0.1546276
0.18177353
0.17858343
0.1848225
-0.17474712
-0.17377652
0.1854671
-0.17004941
-0.15604782
0.16681387
-0.18917042
0.18602109
-0.16411138
-0.16907421
0.19016196
-0.15357076
-0.16154166
0.19276792
-0.15270571
-0.17789575
0.18609948
0.15884209
-0.18571678
-0.15308593
0.18973257
-0.15802622
0.20262036
0.1625463
-0.15876964
0.15444893
0.18485269
0.16360956
0.19843872
0.1611384
0.15922083
0.16205688
0.1589396
0.17736684
0.17692746
-0.1625198
-0.17260452
-0.17636429
0.15679525
-0.17606455
0.15914239
0.17384164
-0.16548462
-0.16792616
0.15217754
0.17528796
0.17810781
0.177108
0.18521646
0.1932756
0.18042788
-0.17060855
0.15510944
0.16013005
0.16378108
0.16346677
0.19154786
-0.1512052
0.16005267
-0.16954032
-0.15231316
0.1796868
-0.18163182
-0.16745761
0.15981755
-0.15362443
-0.19916108
-0.1568662
0.19049212
-0.17247349
0.16803181
0.16897795
-0.1600425
-0.16158839
0.15748104
0.15046711
-0.1838401
0.19049245
-0.1513452
-0.16770668
0.16557954
-0.19810222
-0.15923116
-0.1646225
-0.16461445
0.1657406
0.18591622
-0.17239097
-0.17089796
-0.18455087
-0.19469479
0.18315683
-0.17491764
-0.16996236
0.17381378
-0.17248344
0.1848753
-0.16979402
0.16708663
-0.15645741
-0.17695788
0.17003517
0.16628392
0.15198989
-0.1911234
-0.1733319
-0.18206881
-0.16855451
-0.17259634
0.17648046
-0.1778032
-0.1833294
0.18459088
-0.16284177
0.15842295
0.15255292
-0.18466881
-0.17650282
-0.17853385
0.16118686
-0.19192776
-0.18813582
0.1564296
0.18314636
-0.16496849
0.16671275
-0.16862237
-0.18076226
0.17957659
0.19039585
-0.1833375
0.15930772
-0.16099462
0.18695904
-0.15849167
-0.17685358
0.19074169
0.1670836
-0.17661764
0.17724572
-0.18557538
-0.15713105
0.16037357
-0.16049218
0.15354572
0.152645
-0.18422182
0.18694371
0.16910699
0.17768136
0.17184721
-0.16510369
0.15867601
-0.15249535
-0.1912629
-0.19657433
0.16536304
0.18591866
-0.17131002
-0.15379061
0.15983346
0.19753723
0.19336101
0.152965
0.16175708
0.15158404
0.15978242
0.1833368
0.16918112
0.1695197
-0.18427573
-0.18084738
0.18410966
-0.15717693
-0.19053523
-0.19428384
-0.15650482
-0.15522873
-0.17320023
-0.17351785
-0.18180339
-0.16789992
-0.15755153
-0.18324399
-0.16424428
-0.15798704
0.16137907
0.15571788
0.15073676
-0.17935261
0.15767592
-0.15109473
0.19883585
0.18625374
-0.19586773
-0.19473585
-0.16382372
0.16371937
0.18255612
0.17173193
0.17579472
-0.15853722
0.19854836
0.17592055
-0.15755333
0.15736933
-0.1727662
0.19787857
-0.1728162
-0.19404025
0.17929892
0.16563112
-0.16460481
-0.18808717
-0.17013302
0.179355
-0.16479245
-0.17686452
-0.1570558
-0.19158077
0.15876797
-0.15683079
0.17631613
-0.18890697
-0.19722413
-0.17999983
-0.16650376
0.19034556
0.19789337
0.18566646
-0.15976274
-0.17192526
0.18552235
-0.18202755
-0.15528919
-0.1599896
0.1904146
-0.18637767
-0.15424243
0.19353205
0.15386844
0.17177838
-0.1819856
0.17797579
0.16315202
0.18802054
0.18224753
-0.17163837
0.18526277
0.17049998
0.17145984
-0.1947569
-0.17051904
-0.18832846
-0.1883567
-0.19748086
-0.16237164
0.17206007
-0.1568026
0.15793645
0.16931912
-0.18741208
0.16942191
-0.15823959
-0.17304707
-0.16310439
-0.18806273
0.17956509
-0.16080467
0.19348474
0.16026168
0.17872564
-0.16679479
0.17772354
0.16655847
-0.1668417
0.15428093
-0.16709024
0.1766792
0.17628017
0.16599694
0.1758397
0.18063532
0.15487169
0.16115975
0.15478677
0.19424576
-0.15380476
-0.16615398
0.16013354
-0.17404237
0.16030401
0.18794425
0.15039776
0.15342328
-0.15989438
0.15113316
0.181039
-0.17902683
0.1937027
0.1571618
-0.17628862
0.18743385
-0.16403255
0.16382942
-0.17023805
-0.18004495
0.16100375
-0.15196899
0.17814647
0.17915882
0.15960047
0.18643308
0.15864685
-0.17879613
0.15569584
0.16451712
-0.15404877
-0.17576432
-0.15232314
0.15235807
-0.17649217
-0.16731414
-0.18817087
-0.17686844
0.18293604
0.19191997
0.1526883
-0.17410739
-0.19580498
-0.15433301
-0.1832786
0.19613037
0.16374941
0.1618667
-0.15683289
-0.16036208
-0.1938449
0.15638873
-0.17020099
0.15045542
-0.19156973
0.15739585
0.16869958
0.15661438
-0.2006955
-0.17307056
0.16709353
-0.15034945
-0.17161074
-0.15451561
-0.18947543
-0.15798044
-0.16361405
-0.18095648
-0.17433815
0.15929453
-0.19930841
-0.18334976
-0.17127022
-0.17424063
-0.15170547
-0.15288429
0.18550824
0.15509348
-0.16692491
0.1816818
0.17842208
0.17208447
0.16717426
-0.16250248
0.1542549
0.19002901
0.19624147
-0.15414318
-0.18285361
-0.19310679
-0.19000225
0.18567269
0.15101454
0.17020316
0.16412006
0.1916322
-0.16563137
-0.15067318
0.16052446
-0.15417296
-0.15141018
-0.15521434
-0.19132476
-0.1566299
-0.1695659
0.15045801
-0.15827651
-0.1535775
-0.1634088
0.15267597
-0.15156308
-0.15900728
0.15177062
0.19775109
-0.15249336
-0.16447884
-0.20085526
-0.15857433
0.15596408
-0.17394206
-0.17610307
-0.16844593
-0.20092787
0.19046552
0.1735451
0.15830636
-0.16152893
0.15061505
-0.19217493
0.18094283
-0.1765404
0.1891733
-0.17274173
-0.15563178
0.17016065
-0.172604
0.16325167
0.1764488
-0.15532036
0.16030832
-0.154757
0.17391156
0.15790714
0.17128451
-0.15835805
0.1533193
0.19833563
-0.15273394
-0.19738623
0.15088701
-0.19078708
-0.1749973
0.18888535
-0.20161903
0.1546068
-0.15449794
0.18562905
0.18829557
0.18025707
0.16493006
0.17246658
0.15212482
0.16664177
0.17688723
0.15486027
-0.1550328
-0.18144926
-0.15747842
0.17329189
-0.15676469
0.18133469
0.17698513
0.16434994
0.16633403
-0.17075294
-0.19120534
0.17901959
0.15165037
-0.18126431
-0.15171269
-0.19597287
-0.17930934
-0.16950731
0.1559435
-0.17123352
0.1711225
0.17543982
0.15652652
0.16412476
0.16370483
-0.19439447
-0.17388721
-0.15671802
0.1571301
-0.15493433
0.17549232
0.15791807
-0.19864886
-0.15369307
-0.17594808
-0.1983241
0.1900034
0.17962416
0.15985641
-0.16912404
0.15742089
0.17629823
0.18729967
-0.19257127
0.16092157
-0.1978505
-0.17738049
-0.17397383
0.15220718
-0.1978256
0.15727217
0.15321365
-0.16760252
-0.1515216
0.16006145
-0.17054617
0.18883649
-0.15601441
0.16198465
0.16283493
0.16074358
-0.19300461
-0.15371987
-0.17285162
-0.19026223
0.1603797
-0.16911659
0.17903972
-0.19226527
-0.15140685
0.18928024
-0.16138141
0.15381832
0.19216584
0.15540755
-0.17191762
0.15865998
-0.15823628
0.18760224
0.170773
-0.18981254
-0.16347288
0.1751452
0.15584597
-0.15375216
-0.19083565
-0.18855996
0.15735278
0.19943972
-0.17017767
0.1551923
-0.16463453
0.15334168
0.16768894
0.1696763
0.1812491
0.17142019
-0.16518357
0.16846907
0.15890287
-0.16605365
-0.15226565
-0.1905629
0.16700555
-0.15383829
-0.17675589
0.1827538
0.1581993
0.15749526
-0.15479025
-0.16407181
-0.16768435
0.18704058
-0.17619047
0.1613871
-0.17057495
0.17902237
0.1593774
0.16530317
0.17104298
-0.15304174
0.19829701
-0.16990097
0.1658345
-0.15813668
0.20495543
0.16958588
0.16020468
-0.18925709
0.15122315
-0.15358786
-0.15923478
-0.16362672
0.172181
-0.15049444
-0.17672083
-0.17849979
-0.15910389
0.1746932
-0.15293995
0.18419601
0.18369956
0.16804087
0.18602173
0.15669598
-0.1589576
0.16728535
0.17717381
0.18735999
-0.15471669
-0.18839493
-0.17241319
0.15886055
0.16079938
0.18704271
-0.17748806
-0.1622997
0.19339277
0.1536444
-0.1727595
-0.19200972
0.1802727
-0.15771016
0.1840287
0.16029559
-0.16464129
-0.15627831
-0.15366639
0.19761765
0.17960012
0.16650689
-0.16151877
-0.16072865
0.1710976
0.18812633
0.18355992
-0.16728678
0.1941144
-0.17067172
-0.16857946
-0.17728671
-0.16039357
-0.19291693
-0.19119668
0.15128766
-0.1696573
0.17951071
-0.16409852
-0.16442132
-0.1617469
0.15516432
0.18032536
0.16493082
-0.17039439
-0.1820318
-0.19985345
0.1516739
-0.15098993
0.1860802
0.18251176
0.17892991
-0.16081895
0.17577411
-0.15318024
0.17945352
0.15592597
0.18399392
-0.1650182
0.15676709
0.17721778
0.15714428
0.15799126
-0.1545473
-0.1924577
-0.17758305
0.17757891
-0.17541188
-0.15410756
0.17403466
0.15310696
-0.18474016
0.1661512
-0.17268655
-0.1971701
-0.18571703
-0.15138848
-0.18498915
0.15553413
-0.16459039
0.17593451
-0.16881284
0.16247496
0.1542356
0.16818483
-0.16433814
0.15510882
-0.1857221
-0.15152371
0.15110815
0.17552422
-0.15774614
0.15216222
0.16053759
-0.15544048
-0.15487893
0.16672702
-0.17407438
0.16266282
-0.17065226
-0.18367754
-0.15972883
0.19330098
-0.16200994
0.16340014
0.15063995
-0.16535603
-0.16042317
-0.16584963
-0.1576999
-0.16477291
-0.1785457
-0.17620116
-0.15829684
0.18883382
0.16954094
-0.1842558
0.15584648
0.16821453
-0.15300491
0.1623355
-0.18894656
0.15504812
-0.17282988
-0.17927405
-0.15624796
0.15917735
0.15588862
-0.18095432
0.17140408
0.16456601
-0.16030031
-0.18759601
-0.15637897
0.17291974
0.16343908
-0.17475018
-0.18855774
0.16866267
0.15583158
0.15077883
0.15417436
-0.19133192
0.19370589
-0.15389854
-0.19005126
-0.17353018
-0.16028278
0.16908045
0.17530967
-0.17463715
-0.15135519
0.1586687
0.16528176
0.16044503
-0.18953176
-0.1881325
-0.20208232
0.15196949
-0.20176025
-0.16761169
0.18227547
0.15357117
-0.16505729
-0.18506415
-0.17595981
0.19456063
0.19204295
-0.19617604
-0.16239792
-0.16208231
0.1777052
0.16143945
-0.19934955
0.16404064
-0.15524696
-0.17287138
-0.20378122
0.17258221
-0.16088659
0.15499517
-0.19539131
-0.17381948
0.15533406
0.16627628
0.1788539
0.15028538
0.18740119
0.1711346
0.15600981
-0.16844404
-0.19413328
0.15772432
0.1561726
-0.16674048
0.1567835
-0.16692719
0.17537358
0.20018058
-0.16199535
0.1602251
0.1576632
0.18289526
-0.19944116
-0.1688663
-0.15412338
-0.1845071
-0.17278774
-0.19155717
-0.16300522
-0.17068693
-0.16778627
0.16628382
0.17158912
0.1659722
0.16330798
-0.15452905
0.17438658
-0.1837404
-0.16242509
0.17147152
0.18161193
0.1545116
-0.17223328
0.17330222
0.15826695
-0.1606966
-0.15033378
0.18748666
-0.16098268
-0.15147644
-0.15723269
0.16617993
0.18097277
0.16702574
-0.15861647
0.15192801
-0.16708328
-0.16507165
-0.19362457
-0.1705484
0.16504303
0.17541154
0.15855561
-0.16497386
0.18813579
0.18687108
-0.19756293
-0.17240652
-0.16662984
-0.19981712
-0.18033946
-0.19561605
-0.1521139
0.1735785
-0.19587512
-0.17274907
0.15498663
0.1597742
-0.17535211
-0.19026516
-0.17446004
0.1919103
-0.16875519
-0.1698777
0.19768967
0.17368686
-0.1621666
-0.1636177
0.19453046
0.15096466
-0.20080183
0.18824588
-0.15028504
-0.15413992
0.16896884
-0.1675197
-0.17493816
0.17977928
0.16537823
0.19194692
0.17383039
-0.1615843
-0.19538829
-0.20008379
-0.15870494
0.16054213
-0.15860868
-0.15944414
0.1871188
-0.19625565
-0.1657268
-0.19802381
0.17515641
-0.1887327
-0.18185107
-0.18117025
-0.17225404
0.1843452
-0.15531652
0.15380767
-0.19608934
0.1900181
0.18731762
0.19616951
0.19644567
-0.16667776
-0.16620727
0.16136967
-0.16430376
0.16066802
0.18158011
-0.15968187
-0.16497985
0.1826846
-0.18536162
0.15387523
-0.16258737
-0.15545468
0.15165327
0.15355521
-0.17040984
-0.15739958
-0.18054691
0.16179274
-0.17443468
-0.1864467
-0.16043045
-0.15889181
0.16856255
-0.18479839
-0.16409174
0.15339531
-0.17422323
0.16011974
-0.15352859
-0.16332959
-0.18090779
0.18311207
-0.17879626
-0.1766347
0.1531186
0.17267942
-0.15083224
-0.1946849
-0.15945119
0.16844118
0.15159664
-0.16241042
-0.17301363
-0.17376192
-0.18229248
-0.1948137
-0.17435838
-0.1699789
-0.16126838
0.15745382
-0.15611134
-0.17781845
0.1792095
-0.17460522
-0.17676221
0.16348448
0.15621038
-0.18790697
-0.15033868
0.17998584
-0.16537704
-0.15472597
0.15286948
-0.16821173
-0.1528104
0.19204134
-0.1605658
0.18196613
-0.1848807
-0.16658509
0.16394238
-0.15604989
0.18031652
-0.16699584
-0.17015332
0.16090478
-0.18943176
0.15359233
-0.16984048
-0.16890942
0.17525685
-0.15754406
-0.15339452
-0.16594478
-0.15539794
-0.17780401
-0.15364352
0.15780395
-0.18293227
0.17583862
0.16744336
0.16070086
-0.15480451
-0.16341354
0.16393025
-0.19477469
0.15277596
-0.17491218
-0.1672916
0.15760267
0.16111322
0.16605678
-0.16195984
-0.16807333
-0.19701982
-0.15066032
0.1515694
-0.19761127
0.161843
0.17669436
-0.16689827
-0.15789846
0.17840384
-0.1541071
-0.15619016
-0.19592366
0.15062144
0.16221803
-0.16736719
0.15879114
0.15606607
0.16873094
0.15949176
0.1511373
-0.16374443
-0.19871463
-0.1697168
0.15744177
-0.15067673
0.16011725
0.16730517
0.15617667
-0.18194346
-0.15568879
-0.16215147
0.15615867
-0.15504964
0.18834288
0.15737721
-0.15078185
0.1710704
-0.17222951
-0.15105261
0.15580708
-0.18705943
-0.17808527
-0.15751584
-0.19230723
0.18916756
-0.15539572
-0.15928762
0.18665685
-0.16790523
0.18556751
-0.15264131
0.15324534
0.18998586
-0.15209477
0.1598152
0.16530287
-0.15694937
-0.18445173
0.18968824
-0.16423686
-0.18771663
-0.16546112
0.159997
0.1546716
-0.17254156
-0.19524407
0.18531911
0.18162806
0.16028379
-0.17511564
0.17323834
-0.18313108
-0.20127697
0.15345119
-0.15523376
-0.15582447
0.17995512
-0.16450748
-0.15135072
0.16100006
-0.15393078
-0.15301599
-0.17224354
0.1579993
-0.17938313
0.16731593
0.18793477
-0.19820754
0.17977828
-0.17616993
-0.1951212
-0.1764043
-0.1651152
-0.19458823
0.17571619
0.1808335
-0.17026937
0.18536466
-0.17767923
0.16751038
0.1643224
-0.15785141
0.1806198
0.15188281
-0.17149231
0.1652811
0.17243694
-0.16397282
0.19670086
0.1944009
-0.15249807
-0.1796102
0.17232798
-0.20120266
-0.17643468
0.17298368
0.16673833
0.15361749
0.16514027
0.18359524
0.18841553
-0.15173122
-0.16133071
-0.20127991
0.15579441
-0.1650989
-0.1958925
-0.19447048
0.17847715
-0.17493162
-0.18775722
-0.16971362
-0.2018794
-0.15590864
-0.16947708
0.15654631
0.16632795
-0.18069176
-0.17265761
0.16811007
0.19237004
-0.16395824
-0.19958661
0.18218966
0.15816608
0.16216208
-0.15448183
0.15179764
-0.16200274
0.16063225
-0.18954659
-0.15548557
0.17047998
0.18100134
0.15483956
0.15476422
-0.17418952
-0.15181242
-0.15556742
0.17823905
-0.1534505
-0.16727273
-0.15139437
-0.17891365
0.15431377
0.17660923
-0.1940833
-0.16805309
-0.15718661
-0.1531288
-0.17020456
0.18545865
-0.18207468
-0.17318113
0.16210014
0.1871829
0.1816489
-0.20513354
-0.18901908
0.1839259
0.16871822
-0.17456971
-0.17500618
-0.16142151
0.17646866
0.17664197
0.15938158
0.16344675
0.1927451
-0.17863199
-0.18177018
-0.18369699
-0.1524694
0.18639459
-0.19436182
0.16025089
-0.16647282
0.15423897
-0.1709557
0.16739367
0.16391398
0.17693453
-0.18663663
0.2032304
-0.17680794
-0.1932202
-0.17821437
-0.1696425
0.15361904
-0.15834571
-0.19652225
-0.1745961
-0.18304451
-0.17021164
0.15675445
0.16270036
-0.19061753
0.19494279
-0.15352686
0.18628204
-0.18418622
-0.16921382
0.16856223
-0.18356505
-0.17132922
-0.16795367
0.1678162
-0.15731058
0.17672366
-0.18987077
-0.18500836
-0.18899308
-0.16927066
0.15592365
-0.15574704
-0.15930036
-0.17808808
0.1908915
0.18281679
-0.18825047
-0.1734837
0.19354223
-0.15988228
-0.1615216
-0.17088099
0.18204294
-0.16476226
-0.19377771
0.20456082
-0.18046772
-0.18359865
0.15345939
-0.18185396
-0.18593732
-0.15927082
-0.17923279
-0.15742096
-0.18700938
0.17734553
0.18306871
0.16551732
0.16287714
0.18717025
0.158387
0.18644245
-0.16281582
-0.18051277
-0.19825026
-0.18252335
0.15650237
0.17375714
0.1968867
-0.15621711
-0.17118154
0.15304698
0.1674567
0.16092002
0.16522385
-0.16071343
0.15740855
0.15120746
0.1656634
-0.17595017
-0.19589068
0.17511585
-0.18087631
-0.17465152
-0.16231836
-0.16173084
-0.1590751
0.19466572
-0.18555257
-0.16132134
-0.15440182
0.1565535
0.16844857
0.16581275
-0.16863549
-0.16400637
-0.15357094
-0.18185414
-0.19236884
-0.18705462
0.1850384
0.16201788
0.18487269
-0.15622987
-0.15757714
-0.1597649
0.1800669
-0.19334118
0.16520084
-0.1534004
-0.17740397
0.16958812
0.15209234
-0.1879101
0.15512939
0.19880058
0.15126303
-0.19311978
0.18182804
0.17502263
-0.15478277
0.16783343
0.18105952
-0.18996222
0.19122298
0.1985038
0.15635826
-0.17731543
-0.15930264
0.17490058
-0.16930105
-0.15543424
-0.19967265
-0.16668351
-0.19824469
0.1939798
-0.16013977
0.16522323
0.19570613
-0.16769792
0.18328167
0.16030233
0.16470417
-0.16971734
0.17998403
-0.18754216
0.18627907
0.17499691
-0.1639568
-0.17042583
-0.16936387
0.19623859
0.15139712
0.15583642
0.19296086
0.15329558
-0.16125488
-0.15901493
0.15328132
0.16058473
-0.2000475
-0.16322255
-0.15083422
-0.15376987
-0.1582219
0.17320871
0.173026
0.18310972
-0.1824844
0.17060511
-0.20088637
0.18298443
0.16472411
-0.15060517
0.17114145
-0.1928928
0.18431233
0.15073514
0.18506429
0.16682956
0.18892318
-0.16075587
0.19462435
-0.1654639
0.16817825
0.18103099
-0.17314917
-0.15484063
-0.18087977
-0.18140684
-0.15748753
-0.15860087
0.19885887
-0.1770504
0.16842173
0.15947336
0.1738291
0.16160461
0.15721089
-0.19274114
0.16072516
0.17775837
0.15666668
0.17259847
-0.15072452
0.18455766
0.15839285
-0.16833627
-0.15531805
0.15813477
0.15552123
-0.19442306
0.16001497
-0.17668952
0.18290657
0.16442032
0.15291083
-0.15780273
-0.1703836
-0.17679736
0.18656546
-0.16604458
-0.15513158
0.19187297
0.19052167
-0.16323453
0.20155804
-0.17991841
0.16251478
0.15171084
0.18514042
0.15771759
-0.17377178
-0.1642055
0.15222193
0.16740365
0.1551164
0.19074781
0.16032572
-0.15864198
0.19411542
-0.18880594
0.15819494
-0.17989698
-0.18068218
0.16609716
-0.17358248
0.15253201
-0.19367121
-0.16916369
0.15338247
-0.17828009
0.16748169
-0.18629831
0.19571157
0.17701407
0.1737322
-0.17942622
-0.17125583
-0.1623194
0.16512343
0.19461374
-0.16824116
-0.16079846
-0.19873305
-0.15919845
-0.17877771
-0.157292
0.18713403
-0.17093687
0.16821021
0.1527097
0.17047426
0.1601982
0.1671292
0.17588757
-0.19768855
-0.18914804
0.18925057
-0.19194934
0.177775
0.18285045
0.18532509
-0.16634871
0.15360822
-0.16041045
0.15923278
-0.15043905
0.19373581
0.15249528
-0.17362131
0.1638802
0.15317918
-0.17940156
0.17438737
0.15626816
0.15335518
-0.18198551
0.15973887
-0.19605611
0.15282519
-0.16169134
0.18071206
-0.15199803
-0.1675063
0.19574702
0.16696724
-0.17281942
0.17642453
-0.18918873
0.18649788
-0.15700822
-0.16476364
0.16306975
-0.15031746
0.18174233
0.16243646
0.15360613
0.15989524
0.15282406
0.16080722
0.17312895
0.15141006
-0.15020333
-0.15305074
-0.17568159
0.17791767
0.1712154
0.1866094
-0.19390908
0.18235748
0.16988891
0.18697162
0.15466194
0.1554778
0.16516265
0.17706072
-0.15055044
-0.16694307
-0.18321016
-0.1784528
0.15119007
-0.17638846
-0.17164946
0.16142689
0.1661237
-0.18501341
-0.17332329
-0.15621059
0.19906367
0.17377357
-0.1864231
-0.18009251
-0.15274741
-0.15396644
0.1900269
-0.1539991
-0.18472451
-0.19843464
0.18166092
-0.16148394
-0.16436134
0.1721209
0.18867448
-0.15951447
-0.19033739
-0.17084768
0.15485536
0.18681599
-0.17043358
0.15769346
0.18495172
-0.16486642
0.16796494
0.15770812
0.16911122
-0.18309338
0.18961266
-0.15460537
-0.17704166
-0.15212338
0.18989506
-0.16617656
0.16995685
0.17604798
0.16070807
0.18882416
0.1682444
0.16964036
-0.1818527
-0.1581796
0.19398458
-0.15336385
0.15730225
0.17609313
0.19103973
-0.19323954
0.18245746
-0.16631062
0.1572034
-0.16758892
0.17494029
0.17118658
-0.19809082
0.15480524
-0.17519422
0.1551777
0.19250184
-0.15883249
0.19810978
-0.19276856
-0.16831522
-0.15590182
-0.16786313
-0.19164723
0.19960424
0.18294016
0.15280758
-0.15839246
0.1806899
0.15980446
0.15240654
-0.15512389
0.17970419
0.15204477
-0.16038428
-0.16210595
0.15495118
0.1586343
0.15516609
-0.19982947
0.19120954
0.15075314
-0.20367664
-0.16531606
-0.15697783
0.19314913
-0.18473056
0.16629474
-0.19690284
-0.1969751
-0.17770179
0.15302908
-0.15689778
-0.16593792
-0.16047323
-0.1731758
0.18391809
-0.16010697
-0.15274139
0.17550778
0.15981673
0.15298413
0.16929042
0.1697502
0.19886252
-0.17724171
-0.15562317
0.17712548
0.15196487
0.17321454
0.19760776
0.16599044
0.16510178
-0.19463702
0.1517225
0.1940087
0.19586325
0.18885745
-0.18084723
-0.17184946
-0.19376577
-0.15647227
0.15552656
0.1616159
-0.18802005
-0.15753837
0.15460603
-0.19247836
-0.1521668
-0.15579516
0.1705645
-0.15243699
-0.1554792
0.15827887
-0.18078756
0.19121814
-0.15711758
0.17308664
0.18964468
0.17772163
0.15603085
0.19237837
0.16760606
-0.18066418
0.1772467
-0.16784243
0.16317673
-0.16852783
-0.16345657
0.19298725
0.17136833
0.19238085
0.16588187
-0.15666695
-0.19082445
0.15690535
0.17742622
-0.19802427
0.1647355
0.18064696
-0.15773466
0.1727018
-0.15336993
0.18011007
0.19823104
-0.17012058
-0.18232545
0.15781863
0.15905806
-0.17456572
0.17347497
0.17022261
0.17581736
0.16524552
0.1697591
-0.15798673
-0.17058428
0.17651351
-0.17309995
0.1717352
0.17083423
0.15561898
-0.15844746
0.15872382
-0.16950396
0.15798433
-0.15132289
0.16701584
0.1521828
-0.16266635
-0.1550768
0.16054979
-0.18295823
0.19191937
0.19052981
-0.16925667
-0.15658613
0.15967739
-0.15092896
0.16074459
-0.17990963
-0.19005919
-0.16201335
0.16441429
-0.16646905
0.18831252
-0.17794716
0.16309986
-0.15717864
0.15104464
0.16535039
-0.1860693
-0.18681021
0.15846577
0.16162702
0.17357744
0.18105221
0.18597266
-0.15246901
-0.17778261
0.16147596
0.15562293
-0.16054577
0.16362457
-0.15159047
0.15055674
0.160064
-0.16178131
0.1921442
0.17125793
-0.15274589
-0.15675709
0.15679392
0.16610979
-0.16869806
0.16324897
-0.16908063
0.17467642
-0.16069238
-0.18697307
-0.18512215
0.18014695
-0.16929953
-0.16149415
-0.17447194
0.19647568
-0.15668137
0.15313189
-0.1878563
-0.19482473
-0.20390426
0.19132145
0.18206555
-0.16690741
-0.15963188
0.15105838
-0.16508855
-0.16675928
-0.15394276
0.18341732
-0.15123937
0.1510268
0.17942382
0.1544271
0.15866439
0.15538557
0.16325842
-0.18055603
-0.16257308
0.1630589
0.15097976
0.18353818
0.20110095
-0.2000849
-0.18624015
-0.16256823
0.16684991
0.16028146
0.17117324
-0.19582699
0.19911076
0.18009055
0.18763252
0.19719498
0.15312284
-0.1676296
0.18654838
0.15589263
-0.16067454
0.16822766
-0.16515994
-0.15631367
0.15824148
0.17906073
-0.18228304
0.1869718
-0.19013673
0.1587073
-0.15631418
0.15622386
0.17156602
-0.1541532
0.16418129
0.18412796
-0.16399881
0.15410331
-0.19300349
0.16724867
0.17142813
-0.19516875
0.15900196
-0.1949716
0.18233867
-0.19101937
0.18073937
0.19517565
-0.153253
0.15105204
0.17484054
-0.1834501
-0.16889405
0.19002967
0.15639
0.1696031
-0.17045656
-0.18263192
0.171348
-0.17675593
0.15055206
0.17416161
0.15232038
0.1861263
-0.18306144
-0.15222888
-0.18447508
0.18261881
0.16619568
-0.16820933
-0.1837903
-0.18491502
0.15435785
-0.1505795
0.15890934
-0.1941735
0.1968947
-0.15465954
-0.1886944
-0.1736677
0.17856699
-0.17229171
-0.16899157
-0.1667642
-0.17153886
-0.1556947
-0.16933775
0.18201548
-0.19187982
-0.1803204
0.16291338
-0.2035522
0.16102944
-0.16714953
0.19036521
-0.15701205
-0.2023179
0.18436323
0.15678081
-0.16342616
-0.15986899
0.18304464
-0.164383
-0.16570526
0.16386618
0.15879585
-0.17926717
0.19049132
-0.20103957
0.16608874
-0.16933869
0.18385181
-0.17409751
0.15635192
0.15449141
0.15150154
0.17717287
-0.17149517
-0.18253675
-0.15114017
0.1880174
-0.19116922
-0.15169585
0.15779872
0.17540137
-0.1746932
0.16365871
0.18473509
-0.16007572
0.15045251
0.17923796
-0.15062952
0.1758014
0.1678415
-0.17612708
-0.18569069
-0.17874773
0.1670572
0.18125112
-0.15383469
0.19523463
-0.19720158
-0.18847181
0.1761606
-0.15966083
0.16325007
-0.16268298
0.17256708
0.17166762
0.1520509
0.19501448
-0.18036292
-0.16014418
-0.18904606
-0.17248727
-0.15064281
-0.18998234
0.18173134
-0.16962434
-0.17029738
-0.19989927
0.15299796
-0.16523157
0.17533055
0.16432257
-0.15041226
-0.15223648
0.15924688
0.16214837
0.16341132
0.1908006
-0.15655318
0.16027167
0.1664109
-0.1569923
-0.1519629
0.17231327
-0.17588763
0.1683114
0.15998493
0.17845817
-0.1756881
-0.15074255
-0.1509058
0.15704909
-0.16529077
-0.18267484
0.17062265
-0.1835995
0.15243366
0.1588307
0.19454838
0.1509281
-0.16132192
-0.15469028
-0.1846393
-0.15129071
-0.17899722
-0.16698296
-0.1568961
0.17648526
0.16554923
0.18765724
-0.15172867
0.1601887
-0.16402116
-0.15524034
-0.20165817
0.17934598
0.17415227
0.2018288
-0.18380715
-0.17941734
-0.19720466
0.1887262
0.17148884
0.16050126
-0.19636329
-0.1758831
0.17961435
-0.1892042
-0.17799959
-0.15429352
-0.16184308
-0.16173522
-0.16203086
-0.16360942
-0.18574996
0.18246716
-0.15552208
-0.18771854
0.17688936
-0.15826687
0.1519857
-0.1998388
-0.162717
-0.19418135
-0.1826827
-0.18455446
-0.17570266
-0.15424624
0.15918267
0.18331975
-0.15484795
-0.19152555
-0.15742874
-0.15101543
-0.17791797
0.17474532
-0.17180385
0.17488104
-0.1767533
0.1521938
-0.16399786
0.15975238
0.15819348
0.18199456
-0.16867776
-0.16955617
0.17479782
-0.18756571
0.18378529
0.19873957
-0.15899654
-0.18453047
0.1893779
-0.15891588
-0.15814012
-0.18209676
0.17566434
0.17651318
0.18234979
0.1661725
-0.16610688
-0.16886127
0.18718886
0.1793059
-0.17379561
0.15867946
0.16630663
0.16273303
-0.1532352
-0.15423852
-0.1781946
0.18183172
0.17418312
0.16576742
-0.19144073
-0.18019022
0.15571506
0.16111276
0.18057497
-0.16088197
-0.15897234
-0.18630932
-0.17772612
-0.18565737
0.16410169
0.15093833
0.15524024
0.15854475
-0.18209164
0.17502156
0.18533812
-0.18442208
-0.17354043
0.187032
-0.15909804
-0.15568449
0.15349294
0.16629459
-0.18000169
0.16920045
-0.17208041
0.1786836
-0.19183388
0.16583149
0.16172159
0.15792611
0.17136283
0.19132453
0.18387261
-0.16848713
0.17691606
-0.15825254
0.15159114
0.15932123
-0.19013463
0.16761193
-0.1901709
-0.15419747
-0.15815438
0.18048918
0.16422203
-0.18237549
-0.1908368
-0.15384726
-0.17033038
-0.15981308
-0.18578035
0.19652155
0.15109012
-0.17740643
-0.16268198
-0.16213122
-0.15972674
-0.19058505
0.18552469
-0.15648262
0.16648707
-0.15330662
0.15412213
0.18980612
0.16198
-0.15729918
0.18087183
-0.18337002
-0.17517315
-0.1854928
0.1821336
0.16737846
0.1872731
-0.15330635
0.16026844
0.17159952
0.15545048
-0.16380276
-0.19202563
0.15430258
-0.18749218
-0.16559002
-0.18639414
0.15855831
-0.17352152
-0.19096637
-0.17686023
0.17181915
0.179464
-0.15408593
-0.15294419
-0.15387009
0.18839414
-0.15613501
-0.17202549
-0.1723506
-0.20396315
0.17063871
0.16997762
-0.16133699
0.17091458
0.17424476
-0.15392356
-0.18159826
-0.18047515
-0.16664532
0.17699508
0.16935141
0.19466195
-0.1969781
-0.19077188
0.16872087
0.19248153
-0.1624149
0.1725641
0.16118613
0.1637054
-0.19280528
0.15401202
0.1732367
0.19711637
-0.19296753
-0.17145084
0.17056738
-0.15292779
-0.1834165
-0.15082167
0.1817793
0.15550347
0.16637613
-0.1763343
-0.16596627
0.15296102
-0.15957679
0.16073716
-0.19380257
-0.1529862
-0.19317634
-0.18667349
0.15247469
0.19205804
0.18055792
-0.1734509
-0.15730128
-0.19405751
0.1571268
0.15678117
-0.17433502
0.15638423
-0.1868126
0.18751597
-0.17985484
0.15161435
-0.16706006
0.18045813
0.1510632
0.17582919
-0.18386658
0.15827154
0.16663389
0.1809551
0.16381554
0.15428033
-0.15754005
-0.161587
-0.1951235
0.15370175
0.17998917
-0.15642862
0.1612557
-0.17077623
-0.169466
-0.17755458
0.18699759
0.188451
-0.17344382
0.15203393
0.16129245
-0.1896726
-0.18854444
0.16045737
-0.16308324
0.1517313
0.19463679
-0.15138076
-0.15787624
-0.16728643
-0.17967229
0.19370776
-0.15247172
-0.19219579
-0.17178313
-0.15279993
-0.15659177
-0.1710283
0.15892352
-0.19494675
-0.18649559
-0.17860653
-0.18790895
-0.18042983
-0.16682583
0.17061068
-0.177903
0.1712675
-0.1551627
-0.17401555
0.189499
-0.16621612
0.15976554
-0.19725299
-0.15954946
-0.1907288
-0.15107583
-0.19231302
0.17038697
-0.16354385
0.1812659
-0.15585366
-0.15047732
0.19220394
0.19411133
-0.15560251
-0.15897392
-0.1645032
-0.15269938
-0.15657872
-0.17358327
-0.15739971
-0.15744202
-0.15632986
-0.16608834
0.17975414
-0.187513
0.1842726
-0.15677094
0.18182334
-0.19141996
-0.19718446
-0.16156906
-0.16859807
-0.17986844
0.17267767
-0.16537209
0.1764241
0.19170591
-0.15796763
0.15602988
-0.15961924
0.19252431
-0.15333527
0.17765011
0.18453592
-0.16865046
0.15739441
0.19181539
-0.16013393
-0.15225488
-0.15411839
0.15718423
-0.17045976
-0.1750736
0.1531067
-0.18945733
-0.16378027
-0.18039234
-0.15375301
-0.17379914
0.18088275
0.15840346
-0.1609874
0.17369168
-0.15913475
0.15946326
-0.19848445
-0.15216795
-0.16452767
-0.17820585
0.18299766
0.17487393
0.1588138
0.1945498
-0.17539097
-0.15856856
-0.15230212
-0.19853815
0.17116526
0.17864148
-0.18773979
-0.17622007
0.1578379
0.15820935
0.18575981
-0.17518923
0.15874927
-0.1733747
0.16239522
0.15262069
0.15964694
0.15764019
-0.16203141
0.19588721
-0.1818883
0.18544598
-0.16811486
0.15768088
0.18314573
0.19455297
-0.15910117
-0.15556532
0.16286445
0.17114262
0.15957703
-0.1729216
0.15556945
-0.17477083
0.17962989
0.15287976
-0.19277069
0.15741181
-0.15358505
-0.173228
0.18086529
0.15766989
-0.16035073
0.1928618
-0.18283296
-0.18982758
0.1952671
-0.17727773
-0.19304502
-0.16808616
-0.17257826
-0.19828734
0.16105957
-0.17131948
-0.15349779
0.17432125
-0.15704848
0.17256922
-0.18422253
-0.16914916
0.18645836
-0.16322821
-0.15920822
0.1738748
0.15288514
-0.16546524
-0.16244376
0.19460596
-0.18358086
-0.167022
0.16835265
-0.1752167
0.1800086
0.15177536
0.17924303
-0.16528481
0.15073027
-0.17018282
-0.17803043
-0.18407005
-0.16441849
0.19783656
0.16804753
-0.19362006
-0.16677481
0.19905294
-0.19592029
-0.1729087
0.17501892
0.15679336
-0.16329613
0.17431188
0.15742664
0.20439528
0.16500707
-0.16669673
-0.18298852
-0.1613079
-0.15862727
0.1642722
0.16632667
0.18153971
-0.156965
0.20319277
0.15829714
-0.17368162
0.17348999
-0.19015332
-0.17000656
0.19093731
-0.15677267
0.17854379
0.1623352
0.1623688
0.15876788
0.1558917
-0.19652335
0.1736185
-0.17847177
-0.15189357
0.18303604
0.16361873
-0.15093936
-0.15234612
-0.15269499
-0.17476086
-0.15106294
0.15120976
-0.156063
-0.19550015
-0.19942196
0.17320092
0.17386596
0.17483658
0.15598457
-0.20614435
-0.17157018
-0.18201935
0.16843678
0.18199116
-0.15419604
-0.15988177
0.1815446
0.17601356
0.17142771
-0.15226829
-0.19086203
-0.1566829
-0.17031431
0.15236555
0.18298182
0.16923952
-0.18601944
0.16933233
0.18419321
-0.1670003
-0.18217911
-0.16650248
-0.20135932
0.1701333
-0.17420919
0.18846911
-0.18997301
0.19976793
-0.16582857
-0.15329152
-0.20077704
-0.20352712
-0.18312976
-0.17228302
-0.150862
0.16207302
-0.18219188
0.15885459
0.18947081
-0.16717964
0.19383982
0.15089339
-0.16038042
-0.16835499
-0.16162927
-0.1616675
-0.16790822
0.20048438
0.15833086
0.16379073
-0.16812627
0.15510646
0.1739686
0.1609712
0.16679186
0.20074987
-0.15126246
-0.187694
0.18461174
0.18901818
0.16713852
-0.1687623
-0.17615953
-0.16625096
-0.16102812
-0.16578448
-0.16618419
0.15287116
0.18206112
-0.16838673
-0.17143753
0.15756212
0.18176454
-0.15859018
0.1847644
-0.19557826
0.15855329
0.19354725
0.15447116
-0.15457894
-0.19588019
-0.16291006
-0.18451497
0.16240224
-0.15474284
-0.17860012
0.15603669
0.20042016
-0.15072428
-0.15217547
0.16160037
-0.19178432
-0.16360325
-0.15780488
0.16752096
0.1621229
-0.15540628
0.1607064
-0.19032133
-0.18664035
0.17162342
-0.17471975
-0.16249712
0.1860431
-0.17698
0.15643375
-0.16065687
-0.1663855
0.17501806
0.16751151
-0.15342297
0.16281685
0.16489032
-0.17881145
-0.19204916
-0.16329435
0.19600832
-0.15288925
0.17667006
0.19977929
0.15029036
0.16865927
0.18989858
0.16449596
0.15493008
-0.15896983
0.16020755
-0.17805508
-0.2005242
-0.15504192
-0.17410165
0.18387015
-0.15455098
0.16205949
0.18457578
0.17193024
-0.1794372
0.15466404
-0.16601731
0.18687354
-0.16666988
0.16334938
0.16458465
-0.15663688
-0.19286859
0.15630597
0.18317652
0.1673025
-0.19850506
0.18942097
-0.17343552
0.182722
0.18851751
-0.15812787
0.15998149
0.15566115
-0.16477937
0.15735416
0.17119081
0.16864066
-0.16024166
-0.15623966
-0.1985901
-0.20084885
-0.15780628
0.17962825
0.18310663
0.17752951
0.15218215
-0.18049772
-0.15263946
0.16374971
0.16784051
-0.16778696
-0.16272458
0.1764543
-0.16073622
0.15106325
0.15144663
-0.15043129
-0.17794123
0.16002399
-0.17779057
-0.19423988
0.18834727
-0.17588016
-0.17365919
0.19256642
0.15987842
-0.1815356
0.16811119
-0.17520459
-0.16433148
0.15568642
-0.17738959
-0.1615753
-0.16630876
-0.18641098
0.1585226
0.150663
0.18182206
-0.188155
0.16163203
-0.19165121
0.17452958
-0.16936107
-0.16926429
-0.17112362
0.15722527
0.18330751
0.17957176
-0.17157766
-0.19426872
0.15203997
0.17863967
0.15655744
0.15878448
0.17815273
0.1578209
-0.187824
0.18502241
0.16885112
-0.15447037
-0.19060676
-0.15764585
0.17236052
-0.16671687
-0.18057694
0.19411126
-0.1672413
0.19019006
-0.1729852
0.20043978
0.17895868
0.18104598
0.17159346
-0.19158897
-0.17336455
-0.1555362
0.16253093
0.20105053
0.17174582
-0.17106363
0.15489951
0.17415842
0.17975764
0.1722915
-0.1712732
-0.15228875
-0.17584601
0.17344436
-0.18201886
0.17366777
0.19321203
0.18745404
-0.15374373
0.18146577
-0.18680348
0.19394077
0.15819865
0.15488514
0.15580508
-0.17377675
0.17599387
-0.15478437
-0.15391545
-0.15150337
0.19417053
-0.15054113
-0.15948401
-0.18863373
-0.1654268
-0.18529336
-0.1780048
0.15137742
-0.16791981
-0.18153834
-0.1692371
-0.15565035
0.1883806
-0.15588163
0.16460526
-0.16439591
-0.18991515
-0.15309842
0.15037715
-0.16097845
-0.19687279
-0.17359251
0.18273701
0.16882887
0.18126623
0.15976372
-0.16318929
0.15075748
-0.18137574
-0.17215148
-0.15420324
-0.19461241
0.15459877
0.16631986
-0.15046702
0.16042186
-0.18492016
0.19011825
0.18097773
0.1547379
0.16359015
-0.16344093
0.15613686
-0.15601611
-0.18081114
-0.17003417
-0.16184177
-0.16668281
0.16088445
-0.19254972
0.16220641
0.16858898
0.15499043
-0.16446455
-0.17739005
-0.1507625
-0.16440433
-0.18853836
-0.20437963
-0.1686962
0.19324109
-0.18486449
0.19094197
-0.15201083
0.1594067
0.16456051
0.16542275
-0.16138896
-0.15157577
-0.19749177
-0.16516456
0.16519809
-0.19440962
-0.1974831
-0.15203911
0.15418956
-0.17027882
-0.17552976
-0.18959652
-0.19996156
-0.19868113
-0.19161497
-0.18910633
-0.15950954
0.17827067
0.16047892
0.17391562
0.16058107
-0.18927154
0.16205217
-0.17270395
0.15505025
0.18687838
0.19418773
-0.15369849
0.15955219
-0.16435722
0.17880395
0.19309932
-0.1880934
0.17087844
0.15867828
0.17914073
0.18726109
0.17090863
0.18227156
-0.18988036
0.15468134
-0.19838512
-0.17886554
-0.17708245
0.1687353
-0.16371188
0.18357754
0.1648982
-0.18358178
-0.15071957
0.15457867
-0.1519618
0.19128214
-0.193427
-0.15776488
0.18943982
0.17345424
0.16945468
-0.18500137
-0.18825574
0.15411925
0.15615968
0.16675885
-0.17213762
-0.17005317
0.17317191
-0.15901265
-0.15421015
-0.18925469
0.16845855
0.16005006
-0.16909699
0.19234571
-0.198784
0.16143341
-0.17623518
-0.1827308
0.16014196
-0.18393026
0.17923528
-0.15524568
-0.16132778
-0.15874678
-0.16419429
-0.1954212
-0.17496629
0.18557125
-0.16017914
-0.18499349
0.15421368
0.16551277
-0.16855888
0.18193297
0.16467236
-0.20386791
0.1503842
0.16397785
0.15321784
0.15241392
0.19121604
-0.16747019
0.18492256
-0.15443197
0.16330127
-0.20353854
0.16419555
0.15459165
0.15245676
0.18341774
0.17949283
0.1676222
-0.18623002
-0.16379243
-0.19526075
0.19064936
-0.19875221
-0.1957205
0.16569863
-0.1876901
-0.18940604
-0.18345626
0.1680702
-0.19001895
-0.17603074
0.16943322
0.17648868
-0.15377434
-0.16224712
0.15059516
-0.16951723
0.17530261
-0.1615273
0.15712355
0.15495065
0.19042654
-0.16150449
0.16799931
0.15954994
0.16138569
-0.1552661
-0.19009955
0.15267801
0.17495362
-0.1925123
0.16079102
-0.17344828
0.18098916
0.16119413
-0.1699347
-0.19094339
0.18658869
0.19126171
0.17267472
0.15061209
0.18930483
-0.16820823
-0.1690556
0.15850657
0.20473957
-0.18975367
-0.17984603
0.19471605
0.15067944
-0.18135028
-0.16164924
0.17419183
-0.18683529
0.18700121
0.16525201
-0.16590598
0.18708734
-0.1509334
0.16117373
0.15073691
-0.16866241
0.1630509
-0.15278313
-0.16668847
-0.18026765
0.16785884
-0.15243289
-0.15834495
0.18727137
-0.16609137
-0.17025906
0.17268632
0.15889905
-0.1524226
-0.16531366
0.18432145
0.1507571
0.16484699
0.15804799
0.16223024
0.16880308
0.18688643
-0.15367255
0.19378625
0.16540383
-0.15477055
0.16844462
0.1642805
-0.15684989
0.15251097
-0.1642701
0.1681539
0.15052046
0.1812754
-0.19632775
-0.1842096
-0.17045234
0.15185194
0.1570433
0.16384545
-0.19733423
0.16802275
-0.17898402
0.18158534
-0.1638712
-0.15104523
0.15681918
-0.17123443
0.15330286
0.17536832
-0.1560509
-0.1966638
0.16380464
0.15818809
-0.17776453
0.15443929
0.19200483
-0.1550258
0.19740216
0.16491298
-0.17831689
-0.19722216
-0.19196858
0.17327726
0.1603893
0.18153886
-0.15866211
-0.192912
-0.1731807
0.16395617
0.17471261
0.15280785
0.17904629
-0.1563276
-0.17967515
0.170495
-0.16631061
-0.16095464
0.15764666
0.17191407
0.1852952
-0.19393653
0.17215993
-0.15056473
0.15234505
-0.17359829
-0.15330575
0.16432355
0.17772648
-0.16190986
0.17274147
-0.169212
0.1627014
-0.16214626
-0.15425567
-0.16582792
0.17308311
0.17832968
-0.16608803
-0.16554762
-0.17934148
-0.16743365
-0.15171313
-0.17560185
-0.15355569
-0.20206486
0.15641522
-0.1514519
-0.16344926
0.17864196
-0.18909216
0.15902466
-0.16547064
0.18028809
-0.16955818
0.16027063
-0.18497586
-0.16368043
-0.19632512
0.18026659
-0.17566453
0.18091634
0.16518608
0.20268396
0.16013461
0.17459445
0.17579943
0.1939974
0.17328385
0.19667071
0.1937111
-0.15227984
-0.18216278
-0.16133589
-0.15106216
0.15455648
-0.17062078
0.16615325
-0.15820186
-0.1894771
-0.1699732
0.16644754
-0.15464135
0.16682287
-0.1915472
0.1910555
-0.15031748
0.15185508
-0.18483411
-0.18321045
0.20730764
-0.17472072
0.15519534
0.16074333
-0.18026389
0.17226107
-0.16966945
-0.18238103
-0.16188926
-0.17026897
0.18257636
0.15796815
0.15278782
-0.16371113
-0.19114023
0.1681954
0.18027213
-0.18859181
-0.1598134
-0.16331613
-0.18429132
0.16947095
-0.16815066
0.15949374
-0.16947693
-0.1960331
0.16739434
-0.1521417
0.16841038
-0.17758055
-0.15427087
0.17318599
-0.18241039
0.18213333
0.17551032
-0.15257145
-0.18031809
-0.17570052
0.17606376
0.15725777
-0.16209407
0.19717951
0.15180035
-0.17908311
0.16659401
0.19347483
-0.19197494
0.15264508
-0.16539432
0.18143749
0.18645044
0.19475105
-0.1653965
-0.15993416
-0.17668828
0.16433215
-0.15339284
0.19463634
0.18901399
0.15522815
-0.17896017
-0.15312523
0.15657656
-0.16271518
0.1519328
-0.15527992
0.18700123
-0.1773661
0.18934496
0.1621678
0.1630225
-0.19390889
-0.18964185
-0.16406912
-0.18417177
-0.15976612
0.16314062
0.15548125
0.17452563
-0.152695
0.16891392
0.156567
0.18087451
0.1802391
-0.16867337
0.18614115
-0.16352664
-0.15718451
-0.16804771
0.16415833
0.15152837
0.15958475
0.19192898
0.18909493
-0.15778805
0.17736559
0.17286088
-0.17375839
0.15291622
-0.18182895
0.15655555
-0.15084283
-0.15626916
-0.15974788
-0.18984993
-0.15758306
-0.15753108
-0.15191238
-0.15172437
0.16446139
-0.17667581
-0.15981863
-0.20139228
-0.19050515
-0.17707756
-0.18519546
0.15367724
-0.166024
-0.15697223
-0.17417847
-0.15803845
-0.1835046
0.1661745
0.176849
0.17439835
0.18918529
-0.2004816
-0.19166306
0.18575872
-0.19501664
0.15844527
-0.19440266
-0.1606065
-0.16204944
-0.1561508
0.19476119
-0.15749909
-0.18505414
-0.16500127
-0.20356871
-0.16481636
0.18710916
0.15289548
-0.15970159
-0.1728377
-0.15745349
-0.16151673
-0.17112057
-0.16998251
-0.1680758
-0.15407337
0.17574795
-0.15056846
0.17581835
-0.19807068
0.16734901
-0.16746321
-0.16262978
-0.18554741
0.16860032
0.16371682
0.17210281
0.15288025
0.18290587
0.18277536
0.16675684
-0.19043669
0.19738685
-0.20214988
0.18232213
0.18605259
0.18398173
-0.15282822
-0.15785243
0.16201162
0.18306604
0.18403116
