0.16644591
0.17975903
-0.18342498
0.16879393
-0.19575821
0.16541076
0.19311924
-0.1842464
-0.19485371
0.1857701
0.18993701
-0.18069434
0.20244908
-0.19476853
-0.19337098
-0.17140746
0.18574299
-0.19270648
-0.1827502
-0.18484995
-0.16847977
0.19554609
0.17020969
-0.19255042
-0.18084095
-0.17789684
-0.16613738
0.19460154
-0.17871593
0.18121603
-0.17212561
0.16806905
0.16881295
0.19247319
0.16607918
0.17212112
-0.17626734
-0.18991818
-0.17840847
0.16358674
0.17142968
-0.19024979
0.17757493
0.17855588
-0.1765263
0.16852088
0.17790397
-0.17617108
0.18862195
-0.17543383
0.17184919
0.17548198
