0.033096213
-0.019587751
-0.10319047
0.03211046
-0.0932071
-0.014940695
-0.157591
-0.078520566
-0.05146423
0.05796021
-0.048205562
-0.061163474
-0.016577754
-0.07746858
0.06005551
-0.05717341
-0.03150445
0.014088319
-0.03556153
-0.14709756
-0.011730706
0.12602292
-0.03524554
0.16644591
0.05105891
-0.022033134
0.12481566
-0.005482399
-0.12357577
0.025710486
-0.08870356
0.062449425
-0.06994127
-0.004865852
-0.08903584
-0.11673493
0.0699118
0.17975903
-0.14901757
0.07414765
0.06684051
0.05090005
-0.031164618
-0.09469321
-0.13619237
-0.009398649
-0.023189003
-0.023118678
0.01991936
-0.122890525
0.09269747
0.060376823
0.051812198
-0.10032346
-0.028326014
0.056333974
-0.016227245
-0.0051863296
-0.11916757
-0.049409356
-0.04372963
-0.04544775
-0.18342498
0.02336434
0.011281002
0.027086081
-0.03199994
-0.10481304
0.024380099
0.09332257
-0.14073063
-0.027038807
-0.0060806926
-0.1217736
0.0094342325
0.0008884936
0.039064597
-0.12053161
0.073606946
0.0031143983
-0.11577735
0.062662154
0.019387605
0.0007336136
0.032194186
-0.05974757
0.03688263
-0.15522625
0.03845765
0.0051833284
-0.011461931
0.021386467
-0.12265648
-0.09991446
0.16879393
0.0026472833
-0.069205515
0.07019826
0.018506942
0.012804699
0.0395562
0.030680243
-0.15409614
0.016617376
0.04426949
-0.19575821
0.14516029
0.033900153
-0.09951115
0.11671368
0.0031638944
0.058514804
-0.1462681
0.082043245
-0.08521749
-0.08138902
-0.014265499
0.026417943
-0.047886197
0.013117079
0.16541076
-0.0719283
0.01730956
-0.078443274
0.04843738
0.0655029
0.09194713
0.1425772
-0.10797324
0.07301188
-0.13166244
0.0039191265
0.1404896
-0.008763468
-0.082981534
0.042552553
0.043786462
-0.04781813
0.026579456
0.19311924
0.02392509
0.1010433
-0.090002
-0.034579966
-0.07512144
-0.019683896
0.053838186
-0.1842464
-0.091752306
0.0948127
-0.07395246
0.111955106
-0.074816965
-0.05628435
0.103383586
0.14160407
0.11624902
-0.056752376
0.045128644
-0.08864308
-0.048228685
0.11964927
0.0056430986
0.018571183
0.08092302
0.04309259
0.0403885
-0.07731547
0.14570737
-0.10483166
0.0038518382
-0.048581507
0.14128111
0.02851118
0.097706154
0.0516701
-0.049885083
0.013155669
0.079340994
0.09096189
0.021604318
0.10835193
-0.02136462
-0.026407935
0.050251387
-0.041378517
-0.08555713
-0.11768898
0.048160203
-0.19485371
-0.0128398575
0.1857701
-0.009218521
-0.061802093
0.06994244
-0.03614844
-0.08200661
0.07494126
0.059545696
0.18993701
-0.043232296
-0.049331438
0.023228027
-0.10613324
0.13852338
-0.018893339
-0.034350425
0.070118785
0.10712213
0.08183778
0.05171091
-0.18069434
-0.076962955
-0.03141698
0.066553354
0.056653306
0.073181614
0.019005595
-0.06162341
0.027551848
-0.021597179
-0.111015275
0.024038421
0.04668185
-0.039692704
-0.06391176
0.14810313
0.05848365
0.09454541
0.0066481116
-0.020225672
-0.12203296
-0.06300533
-0.095783465
0.07489103
-0.03965732
-0.08633218
0.0043146303
-0.08484923
-0.026164934
-0.01162172
0.107337154
-0.07434599
0.04269397
0.057101246
-0.051687848
-0.08110386
0.12553875
-0.021551155
-0.101622626
-0.10932489
0.013450757
-0.13101071
0.075986415
0.060215257
0.0052995463
-0.12935492
-0.12360673
0.10503941
-0.09161072
-0.024485826
0.038177427
-0.043731883
0.10865756
0.20244908
-0.08984537
-0.07096856
0.1391983
-0.11682054
0.08776551
0.111680076
0.07615607
-0.084229805
0.06861542
-0.11167597
0.006770937
-0.11721914
-0.007769264
-0.13103327
-0.045289747
-0.013362721
0.07890589
0.11117191
-0.113631286
0.12869942
-0.032868695
0.09803433
0.054665156
-0.13460675
-0.11337813
-0.017513774
-0.19476853
0.12658545
-0.09505511
-0.06976569
-0.04909957
-0.098150134
-0.04211054
-0.113611504
0.09371873
-0.06723185
0.022316778
-0.13659954
0.055065665
0.06102527
0.058491282
0.09287726
0.019192887
0.0107456725
-0.0779678
-0.12817252
0.047811717
0.025744222
-0.14193399
-0.069961004
-0.14620033
0.035732236
0.010028146
-0.014788707
-0.04832394
-0.008120547
-0.04469694
-0.19337098
-0.17140746
-0.09461746
-0.122829415
0.073373824
-0.0118667325
0.052934732
0.092602335
0.13040234
0.05859835
-0.06696696
0.098204665
-0.033348784
-0.105849326
0.035624564
-0.010996659
-0.01695777
0.034926105
-0.037786357
0.03661487
0.12204728
-0.06682247
0.18574299
-0.00916532
0.041288532
-0.069261245
0.060942333
-0.057773147
-0.025769304
0.059781022
0.07200547
0.05409488
-0.19270648
0.043415103
0.06604626
-0.025281832
0.083259925
0.09687133
0.05039001
0.06430903
-0.06825188
-0.1827502
0.1108965
0.06655117
0.07089928
0.08903008
-0.13757889
-0.033454392
0.07296443
0.102304555
-0.116627276
0.11538357
-0.09114882
0.09109891
-0.057311423
-0.18484995
0.14680472
-0.07747346
-0.16847977
-0.009916044
0.024666982
0.006289146
-0.047224484
0.070969835
0.08281743
0.11333928
0.028043795
0.07649568
-0.031519864
0.13336384
0.047859244
0.04730286
0.11563594
0.018131183
0.12750167
-0.099359274
0.05663691
-0.07064847
0.07906315
0.19554609
-0.15564488
0.06559483
0.06748879
0.13631234
-0.14395598
-0.023350328
-0.026575515
-0.13256635
0.03883509
-0.12927365
0.023420414
-0.0379303
-0.072405726
0.04761752
0.11989347
-0.003421505
0.17020969
-0.087289244
-0.0127249025
0.1341416
0.13642782
0.09494744
0.04422776
-0.19255042
0.07534476
-0.09276085
0.08882363
-0.14368945
-0.0287443
0.094053715
0.055356786
0.12465731
0.00096470705
-0.05211932
0.015901905
-0.12205388
0.030604064
-0.039890382
-0.06722843
-0.097524576
0.13841403
0.10865896
0.105426304
0.063686505
0.054938216
-0.006510579
-0.015954671
0.060045894
0.073743805
-0.087519035
-0.023383515
0.0144684985
0.07645654
0.04670273
-0.15604196
0.07489027
0.02799397
-0.13371201
-0.18084095
-0.17789684
-0.16613738
0.02682222
0.19460154
-0.1309436
0.00440966
0.0850333
-0.03460172
0.05910527
-0.0086288685
0.025729261
0.101056404
-0.008596802
0.15082887
0.00020653814
-0.02958189
-0.011478139
0.14226863
0.02589356
0.06697031
0.14866439
0.140381
0.05077686
-0.069431975
-0.06749891
-0.17871593
0.0022824944
0.091285035
-0.12882188
-0.09295105
0.019088196
-0.08595
0.11581941
0.11134075
0.18121603
0.015556254
-0.015710654
0.13577652
0.004737275
-0.022389738
-0.013611825
-0.069909185
0.02450664
0.039153602
-0.07902586
0.060370572
0.13528515
-0.062678
-0.034687925
-0.017775241
0.0042986814
-0.055868562
0.03253685
-0.14084029
0.0706491
0.10094847
0.15524133
0.061209947
0.04849048
-0.031188516
0.084613785
-0.031691752
0.09143981
0.028969457
0.13636605
-0.027377853
0.017408855
-0.04872383
0.044767085
0.03977751
-0.062007647
0.023474123
0.067816995
0.006053267
-0.005350042
-0.001789521
0.09795992
0.0448415
0.000459366
-0.07365089
0.011706984
-0.17212561
0.09226409
0.022229468
-0.007299058
-0.16044113
0.012353266
-0.13706115
0.12769708
-0.014567388
-0.042725716
-0.034422673
0.10743095
-0.1314162
0.06805123
-0.0057209274
-0.09439536
0.059682377
-0.011233596
0.16806905
-0.113946825
0.0025798746
0.009932706
0.020962616
-0.038263943
-0.03440174
0.015952349
0.037019625
0.03462896
-0.0262427
0.055213634
0.05886254
0.056734297
0.023411019
-0.15385655
0.06135569
0.10649785
0.06480677
0.10311419
-0.09065354
0.0044872006
-0.12264558
-0.040767804
-0.025860572
0.006908949
0.11313563
0.08625862
-0.056098208
0.12679158
-0.049686644
0.028466154
-0.08189178
-0.08333642
0.02636146
-0.005213232
-0.13026257
0.059808787
0.069244914
-0.06430858
-0.0058044503
0.047971547
0.020337421
-0.06049415
-0.13560665
0.09459993
-0.079968266
-0.017297775
0.046806578
-0.08983328
0.15747215
-0.009547616
0.0072490172
0.05220369
-0.042040005
0.036721945
-0.07335647
0.13266583
-0.13741474
0.058360197
0.16881295
0.06526179
0.11690331
-0.021726847
0.017708879
0.08007655
0.19247319
0.08185151
0.16607918
-0.006966008
-0.06896443
0.035430595
-0.098922096
0.063629135
-0.10616297
-0.04834755
0.17212112
0.027248967
0.0742583
0.12700905
0.14198472
-0.046835247
-0.0037405505
0.016189897
-0.010632948
-0.024938708
0.0045640483
0.047049157
-0.17626734
0.10072573
0.049242955
0.008874898
-0.034979276
0.033698395
-0.18991818
-0.17840847
-0.016597368
-0.11662438
-0.05334706
0.0488735
0.015705604
0.06304018
0.04780063
0.056479268
0.022190038
0.16358674
0.030985171
0.0036610106
-0.023381466
0.08198481
-0.049196012
-0.12021286
0.019101629
-0.10114548
0.12281688
0.09620819
0.03578035
-0.14144228
0.06495365
-0.0023912473
0.1436783
0.0636285
-0.06847559
-0.10394227
0.041635238
0.17142968
-0.19024979
0.042096257
-0.051947307
0.14997205
-0.061001178
-0.010753548
0.17757493
0.11563793
-0.08691275
0.027642408
-0.03720473
0.038033064
0.081723265
0.17855588
-0.07355671
0.000370683
-0.10132305
-0.1397176
0.04246107
-0.1765263
0.0018653324
-0.108898945
0.030618703
-0.01504404
0.028700965
-0.09723865
0.053907245
0.11282171
0.09740455
-0.03467885
0.005279156
0.16852088
0.02042622
-0.06362419
0.03267135
-0.115758255
0.013239915
-0.049172662
0.161659
0.100443855
-0.10212685
-0.13079762
-0.027948484
-0.1105124
-0.06952991
-0.065546446
0.17790397
-0.035247117
-0.0887781
-0.08955481
-0.05453371
-0.15968819
0.018951192
-0.043084018
0.038624752
-0.044222325
0.032046463
-0.12082607
-0.07219719
0.043577526
-0.027553406
-0.12938635
0.013624926
0.059515364
-0.009161825
0.00860162
0.16008244
-0.04432521
-0.05039906
0.04917718
0.13481508
-0.050482128
0.030563539
0.035214208
0.007207363
0.11008383
-0.06255298
-0.021137077
0.029681303
0.16292301
-0.17617108
0.044174086
-0.02562551
-0.0743858
0.18862195
-0.08326796
-0.00931963
-0.043411117
0.020017702
0.058384
0.067584254
0.15412138
0.14560013
-0.04358388
0.061266784
0.15676154
0.063529134
-0.011253611
-0.021141212
-0.04760279
-0.17543383
-0.0018605978
0.08733461
-0.14745502
0.17184919
-0.13839228
0.1103046
-0.04889132
-0.113525055
-0.027862793
0.018582432
0.17548198
-0.00062784157
-0.16177583
