0.15834603
0.18548127
-0.20988165
-0.20978375
0.16523035
0.18782239
-0.17395402
-0.17312703
0.15423252
-0.21433976
0.19817592
-0.17572106
0.1490441
-0.20037445
-0.17249653
0.16884455
0.15326476
0.18051319
0.18063244
-0.17691797
-0.1653913
0.18923198
0.19239709
0.16914132
0.15962908
0.16485246
0.15733673
0.20116208
-0.20206502
0.16870171
-0.20567764
0.17022806
0.15215647
0.15819913
0.17186593
-0.16728508
-0.17852478
-0.20750096
-0.20314564
0.15659708
-0.17162535
-0.16952325
0.1959718
-0.19475311
0.15884703
-0.1888365
0.1873946
-0.15743637
-0.20091943
0.16429773
-0.19309662
-0.18158866
0.15578459
-0.15834576
0.15473233
-0.19761968
0.19257633
0.16813762
0.1660199
0.18045695
0.17429589
0.15644242
-0.20110492
0.17791757
-0.1785198
0.1717528
-0.16302158
0.17768875
0.1955424
0.15348394
0.1990704
0.19057338
0.15954015
0.15993617
-0.18092005
0.15584409
0.21075617
-0.22022502
0.1770621
0.17977682
0.1777472
-0.19787253
-0.1644568
0.20388937
0.16808286
-0.19344883
-0.17675251
-0.18323405
0.14689852
0.16485026
-0.19017138
-0.16548598
0.17714743
-0.19092724
0.2054795
0.18961318
0.15477845
-0.23061022
0.17638265
-0.20430921
-0.17535213
0.16815966
0.16503887
-0.17270057
0.1930302
-0.18723786
-0.20664242
0.197968
0.16999842
0.17147925
-0.21274671
-0.16052733
-0.16896598
-0.21610142
0.19232625
0.16425866
-0.18111975
-0.1603232
0.16473642
-0.17510699
0.1971934
-0.190325
-0.1828205
0.19786897
0.17578384
0.20416853
0.16165946
-0.17377427
-0.18847798
-0.18772301
-0.20064539
0.19439399
0.17203067
0.1678315
-0.17303199
-0.19070406
0.16272682
-0.19111373
0.20645031
0.17529066
-0.18216383
-0.17433868
-0.19074687
0.1901575
-0.18627802
-0.21461724
-0.16694267
0.16016299
0.17316377
-0.19102342
0.17034067
-0.17981793
-0.19306836
0.15840717
-0.20458972
-0.1830496
-0.19351591
-0.21265924
0.16622654
0.15606065
0.1907105
0.18527152
-0.19216071
0.19172952
0.16061579
-0.1920996
-0.16736312
0.16601117
-0.18014693
0.19854213
-0.18057954
0.17290197
0.1606003
0.19345713
-0.16782075
-0.17029439
0.18022458
0.20376207
-0.20125225
-0.15993568
-0.17714866
-0.20810002
-0.16341875
-0.16504261
-0.15870264
-0.1947882
0.17971379
-0.16816004
0.16811123
-0.18799032
-0.1656358
0.17177059
0.15879515
-0.21167643
-0.1659378
-0.1713643
0.17024729
-0.18026686
-0.18436244
0.1726618
0.1768687
0.14509039
0.14751565
0.16910705
-0.17038088
-0.19610745
-0.1594145
-0.18814026
-0.18534984
0.17109147
0.18726261
0.17627883
-0.16407987
0.17668292
0.16731974
-0.19416349
-0.18513735
0.17751421
-0.19793674
0.17526346
0.16451964
0.21203288
0.17089501
-0.18593574
-0.20220445
-0.18912584
-0.18998525
-0.1603349
-0.19002739
0.16814992
0.16365527
0.18143043
0.19047597
0.15889807
0.17657165
0.18391755
0.16700676
0.15801543
0.17589508
-0.19622545
-0.1749449
-0.19302121
-0.168942
-0.18470454
0.18402244
0.19796395
-0.19639823
0.17570846
-0.19179778
-0.18406247
-0.20216177
0.18054764
0.16470477
-0.1796783
-0.1750333
-0.19046399
0.1784735
-0.15667585
-0.17768772
0.15950108
0.17670096
-0.21957849
0.16081601
0.17333116
0.19798629
0.17009456
0.17475854
-0.15414807
0.17889674
-0.1897725
-0.17835933
-0.17272002
0.19418749
-0.2226219
0.20454091
0.16960242
-0.15555418
0.15769392
-0.18477774
0.19111374
0.16375549
0.17922947
-0.18149495
-0.16288896
0.16224274
0.18539228
-0.20888753
0.17253856
-0.19122383
-0.15438814
-0.16737714
-0.17785941
-0.22362009
0.17036141
0.17209134
-0.17007646
0.1974241
-0.16172071
-0.18993829
-0.14938426
-0.18101338
0.15349658
0.18771078
0.18130258
-0.14289118
-0.1767082
-0.19347069
0.18276139
0.17173883
-0.19610763
0.21035713
0.17027517
-0.16881543
0.16472742
0.18719615
-0.16891813
-0.18135132
-0.19580078
0.1657766
-0.17642257
0.17802939
-0.19472928
-0.17545305
-0.23010509
-0.20638996
0.173107
-0.17718133
-0.16135238
0.21208218
-0.19128531
0.17811255
0.15328524
0.1524073
-0.21192417
-0.16560726
0.16457976
0.2042742
0.18061899
-0.17743617
0.1637954
-0.20290653
-0.17184237
0.16405132
-0.18816721
-0.18821661
0.1855432
0.17771958
-0.18530841
-0.17818199
-0.18782026
-0.18597536
-0.20330876
0.17316768
-0.17784931
0.1631978
-0.15639253
0.1602391
0.19725703
0.18971463
0.1587279
0.16771844
0.18608905
-0.20658459
-0.20302653
0.16198325
0.1620522
0.17379418
0.17780791
0.17993337
0.1702844
-0.18174668
-0.18570103
-0.18236801
0.18674384
0.17136028
-0.16400155
-0.17893441
-0.19211398
0.19395162
0.1590602
-0.15179382
-0.21030761
-0.19697836
-0.20053567
0.19243543
-0.17510551
0.15741727
-0.1747768
-0.1804846
-0.19769041
-0.16353114
-0.19619834
-0.17757374
-0.20334853
0.17590722
-0.20476545
-0.16635291
-0.16652091
-0.19636597
-0.21318646
0.17669532
0.20090814
0.15949944
-0.18542671
0.14963937
0.16990837
-0.19979434
-0.19058488
-0.17952524
-0.18942302
0.15708646
0.14562234
-0.15815215
-0.20330796
-0.17447646
-0.20155346
0.19157346
0.16890788
-0.16665186
-0.18397754
0.17122865
0.18026294
0.15995659
-0.19143142
-0.18446761
-0.16739367
0.15815166
0.17779255
-0.15884602
0.19086835
-0.18059735
0.20471908
-0.2161159
0.16960548
0.18003893
0.1824304
-0.18375348
-0.1703804
0.15110998
-0.186995
0.16177177
0.16729817
-0.17577317
-0.18589799
0.17760822
-0.15757196
-0.18208164
-0.17252001
0.16562286
-0.20454857
0.16179575
-0.17009354
0.19660209
0.19073223
0.19900163
0.16925605
-0.18884405
-0.1638027
0.20006797
0.18920332
-0.19976376
-0.18945734
0.16274653
0.18133172
0.16169515
-0.19233648
0.18079528
0.1974302
0.16933817
0.16086945
-0.18324132
-0.189519
0.16965725
0.17234384
0.17570908
-0.18325917
-0.18171495
-0.19232666
0.16237031
-0.18775252
-0.15883534
0.1513936
-0.20179434
0.16681768
-0.23014414
0.19305326
-0.2025258
-0.17529579
-0.20219436
0.17887291
-0.15897456
-0.19893791
-0.21807803
-0.16373575
-0.17815897
0.1947328
-0.15527022
-0.19262905
0.15183844
0.17203282
-0.1880297
-0.15256365
-0.2107048
-0.19387734
0.18768297
-0.16207586
-0.19775115
0.19143349
0.17983353
0.17971632
0.18296646
0.171202
-0.1696591
0.20699249
0.1799855
0.16791868
0.17649037
-0.15760675
-0.16246326
0.15816934
-0.18419775
-0.15718864
0.15742463
-0.20401198
-0.16990384
0.20613523
0.15570249
0.1571247
0.18008302
0.20405129
-0.19557358
-0.21157776
0.16496392
0.16100807
-0.18789749
-0.20402741
-0.16111672
0.20258462
-0.16311616
0.15504898
-0.18722793
-0.16782497
-0.20959128
-0.16961046
0.17184398
-0.18325949
-0.20231977
-0.16557533
-0.18662286
-0.17424515
0.18928109
-0.18069622
0.17982467
-0.19510934
-0.19485861
-0.1710449
0.16581371
0.16625778
-0.21996488
0.18291485
0.17811932
-0.16061537
-0.17861667
0.14947851
0.17778865
-0.16415736
-0.18910433
-0.20372833
0.2233856
0.15917477
-0.20260829
-0.1920704
-0.17341106
0.15676104
0.17362146
0.1524914
0.1734963
-0.1809258
-0.1993157
-0.21697521
-0.18891944
0.1288077
-0.1647009
0.19139592
-0.16362572
0.18670811
0.20045802
0.1707195
-0.21357122
-0.16852014
0.19455096
-0.1910078
-0.18613617
-0.16069546
-0.1986738
-0.15712449
-0.18634683
-0.20675144
-0.15912779
0.17773956
0.19962986
-0.19574314
-0.1598849
-0.18285224
-0.18911952
0.20413852
-0.17649734
-0.1688101
-0.17283203
-0.20153365
-0.16910683
0.17622137
-0.19149795
0.16661562
-0.20387842
0.17363171
-0.19809829
-0.18267818
0.15807137
0.17464562
0.17423838
-0.20113508
-0.16489103
0.17656133
-0.16204438
-0.1815662
0.16513023
-0.18315634
0.16808373
0.16778776
0.18813653
-0.17692533
0.16494235
0.19150889
0.1718517
-0.18217622
0.18420261
-0.17721748
0.18142837
0.18073109
0.15698397
0.16359766
0.17233151
-0.19623895
-0.1694809
0.15568565
0.20686081
-0.17893752
-0.16270205
-0.16721046
0.15297307
-0.1621277
0.15141252
0.16494198
-0.20154186
-0.17042677
-0.17618787
-0.18994385
-0.18381293
-0.19256435
0.17429735
-0.20671576
0.16510478
-0.18730484
0.1872559
-0.1827189
0.1681282
0.19432758
0.19517754
0.155923
-0.17210673
0.14885871
0.19936736
-0.18099058
-0.17539012
-0.16226849
-0.21174324
-0.20693628
0.15476821
0.17125994
-0.194735
-0.22080739
0.18462493
-0.16439125
0.18141676
0.16817093
-0.18149312
-0.19117549
0.16284053
-0.21933874
-0.18218039
-0.17445168
-0.16084968
0.18078169
0.15060374
-0.19962265
0.19748303
0.1654155
-0.164882
-0.19330305
0.18525876
-0.15638822
-0.20477405
-0.19817501
-0.1878114
-0.2083767
0.17203298
-0.18553999
-0.17032914
0.18761122
0.1985295
0.15318815
0.15706103
-0.19636859
-0.20236367
-0.18087682
-0.17724323
0.16700828
-0.16224234
-0.16787638
-0.1993387
-0.18447123
-0.19060583
0.16321279
-0.16954763
0.17813449
-0.17743209
-0.18881127
-0.16488093
-0.17236763
0.15240581
0.15314373
-0.17321219
0.1920466
0.17740248
-0.19746195
0.19859642
0.15242746
0.160044
-0.17591062
0.15933137
-0.17637515
0.16352963
-0.20091644
0.15728018
0.14564024
-0.2231307
-0.1805355
0.19084303
-0.1754557
-0.18356213
-0.16342956
0.15844615
-0.16875727
-0.20051964
0.17853235
0.16106784
-0.16969417
0.16462734
0.1602062
-0.18444464
0.1785313
0.19866206
0.18602785
-0.17508933
-0.16879275
-0.17173016
0.17808896
-0.20633435
-0.19813329
-0.16995354
-0.16908954
0.17768422
0.16121176
0.16432637
0.16505122
-0.16662559
-0.1695472
-0.2083427
-0.17753054
-0.18679826
