0.162962
-0.169661
0.157509
0.159221
0.164956
-0.159336
0.167958
-0.178501
0.164242
0.183907
-0.182792
0.156495
-0.157205
-0.188772
0.183175
-0.175553
0.164535
-0.168221
-0.156605
0.178348
-0.177653
-0.159316
0.175116
0.182144
-0.170658
0.169421
-0.176541
-0.181455
0.16843
-0.187559
-0.160174
-0.18691
-0.189498
0.183315
-0.178416
-0.19281
-0.171262
-0.161855
-0.196832
0.179392
-0.161275
0.176527
-0.186606
0.156037
-0.199672
0.180954
-0.172241
0.186491
-0.178364
0.156113
-0.166252
-0.170069
-0.195386
0.16985
-0.171603
0.180186
-0.187694
0.184056
-0.161056
-0.157499
-0.156589
0.156243
-0.157878
-0.184337
-0.16286
-0.160717
0.164877
0.166109
-0.157232
-0.177952
-0.165946
-0.181929
0.174816
-0.163545
-0.188742
-0.178615
-0.165204
-0.184709
-0.155759
-0.156545
-0.188058
0.186542
0.168131
0.193066
-0.190993
0.156802
0.173115
0.180667
-0.173706
0.183256
-0.19154
-0.157652
-0.157196
-0.159785
-0.164145
0.156551
-0.165663
0.176732
0.179355
0.166234
-0.162587
-0.171062
0.159487
-0.167492
0.167122
0.167824
-0.178795
0.164228
-0.164531
-0.184413
-0.160826
-0.181881
-0.199989
-0.165119
-0.174997
0.157347
0.165253
0.182412
-0.171991
0.17421
-0.158917
-0.163474
-0.161782
-0.167595
-0.173069
-0.176043
0.157958
0.173982
0.162775
0.185011
0.166675
0.158283
0.158922
-0.187793
-0.180398
-0.189028
0.183524
0.190631
0.177003
-0.173614
0.175643
-0.184697
0.183218
0.169022
-0.199334
-0.196191
-0.174903
-0.19831
0.165578
0.171075
-0.166464
-0.163231
-0.165702
-0.193879
0.16192
-0.167771
-0.190242
-0.168243
-0.195027
-0.162809
0.177514
0.185379
-0.182669
0.166294
0.158045
0.18983
-0.182571
0.177129
0.177188
-0.198792
0.168166
0.18254
-0.166455
-0.156146
-0.193412
0.16708
-0.170306
0.196968
0.166582
0.166769
-0.171824
0.179743
0.18001
0.172121
0.157523
0.176877
-0.165395
0.156707
-0.197825
0.175082
-0.1613
0.164327
0.163268
-0.164145
-0.173831
0.196831
-0.163178
0.181702
0.177589
0.198384
-0.190714
-0.190245
-0.184588
-0.169704
-0.169606
0.181383
0.157581
0.15968
0.161412
-0.174598
-0.170161
-0.169569
-0.182397
0.179333
-0.15714
-0.180507
-0.17348
0.172002
0.193513
-0.164594
-0.165547
0.177627
-0.157398
0.191978
0.18922
-0.181508
-0.180246
0.165632
0.162265
-0.180543
0.18408
0.168898
-0.171417
-0.162368
0.164456
0.173856
-0.156715
-0.20674
0.161854
0.173721
-0.194505
-0.16701
0.199158
0.184608
-0.186192
0.158881
0.1786
-0.163356
-0.173728
-0.188112
0.161729
-0.180082
0.184034
-0.166967
-0.171304
0.162977
0.198041
0.185203
0.179299
-0.163486
0.18246
0.170673
-0.189107
0.182497
0.164888
0.182686
-0.172795
-0.196857
0.157723
0.187074
-0.176313
-0.164824
-0.190373
-0.189656
-0.194883
-0.192267
0.180454
-0.17984
0.166543
0.172729
-0.191087
-0.158169
0.168792
0.169856
-0.156279
0.174065
-0.160608
-0.188044
0.188125
-0.176673
0.196602
-0.189746
0.199173
0.171945
-0.170826
0.173179
-0.186356
-0.194835
0.181594
-0.175691
0.155996
0.164773
0.182567
0.163619
-0.185239
-0.16108
-0.15821
-0.157874
-0.156602
0.160714
0.183264
0.156223
-0.160204
-0.183455
-0.174107
0.170419
-0.162872
-0.198076
-0.165535
-0.181121
-0.187505
0.191283
-0.160389
0.187538
-0.170858
-0.177218
0.177609
-0.164467
0.166063
0.165983
-0.180703
0.192838
0.162068
0.163432
0.168828
0.181138
-0.162188
-0.18276
-0.185156
-0.182755
0.159302
-0.197064
0.166593
0.159686
0.168008
0.161494
-0.186726
0.167527
0.161624
0.193212
-0.171644
0.184429
0.197549
-0.186477
-0.168089
0.155925
0.185595
0.164579
0.176476
-0.188836
0.161301
-0.169205
0.161366
0.158093
0.179878
-0.156304
0.164149
-0.161453
-0.169341
0.170318
0.170441
-0.174023
0.166255
0.16929
-0.160282
-0.157379
-0.160667
0.17938
-0.187513
0.180071
0.200018
-0.172816
0.157273
-0.157645
0.158319
0.185024
-0.187641
-0.173849
-0.167035
-0.15609
-0.200842
0.198037
0.181683
0.170931
0.185208
0.19095
-0.182852
-0.196337
-0.186437
0.183773
0.17747
0.177594
-0.159468
0.161696
-0.163201
-0.160405
0.163474
-0.172082
0.183379
-0.187452
0.177605
-0.188471
0.192993
-0.182523
-0.159697
0.162171
0.163155
0.165737
-0.184447
0.171158
0.179265
0.175885
0.159396
-0.179899
-0.157262
-0.17098
-0.173631
0.170515
-0.171339
0.165336
-0.195374
0.196975
-0.169806
-0.15964
-0.172572
0.159971
-0.17128
-0.195482
-0.161246
0.163765
-0.200128
-0.184072
0.192371
-0.184816
-0.171637
-0.182095
0.173127
-0.190499
0.174224
-0.195906
-0.168016
-0.187369
-0.179655
0.193351
-0.16017
-0.158382
-0.164028
0.186379
0.184721
0.19879
0.172824
-0.160909
0.168154
0.164843
-0.172704
0.158386
0.185628
-0.157075
0.161604
-0.192678
0.167067
-0.196317
-0.15895
0.176487
-0.185697
-0.184502
-0.166449
0.163897
0.176223
-0.156132
-0.171692
0.185376
-0.159558
0.175088
-0.171822
-0.162742
-0.167485
-0.175645
-0.194207
0.180536
0.160608
0.187376
-0.180097
0.174861
0.191711
0.158324
-0.177122
0.192341
-0.159794
0.184877
-0.190399
-0.176318
-0.197467
0.17706
-0.187515
-0.175908
0.156148
-0.197172
0.172761
0.188829
0.181445
-0.194885
-0.158926
-0.171889
-0.177759
-0.180504
-0.166099
0.180927
-0.198746
0.165332
-0.160728
-0.181405
-0.17883
-0.164996
0.173102
-0.176426
0.174923
0.173825
0.162256
-0.187448
-0.189919
0.157993
0.186946
-0.177321
-0.19544
-0.197472
-0.180644
-0.178857
-0.169381
-0.161793
-0.170376
-0.172088
0.158665
0.181366
0.196457
0.200292
0.192485
-0.192846
0.193832
0.178489
-0.169088
-0.157978
-0.176523
0.158986
-0.200641
0.163342
-0.170692
-0.165805
-0.155731
-0.176876
0.188065
-0.180204
-0.166874
0.182671
0.190374
0.186803
-0.167838
0.174394
-0.180571
0.170486
-0.204836
0.197167
0.168195
0.165767
-0.172249
0.170728
0.185945
0.157303
0.163257
-0.176466
0.155703
-0.159856
-0.173614
-0.160902
-0.176571
-0.167228
0.158993
-0.174868
0.19546
0.157285
0.175618
-0.160615
0.169353
0.190274
-0.16726
-0.192003
-0.16817
-0.189198
-0.178256
0.156038
-0.169321
0.190962
-0.185996
-0.1671
0.190575
-0.159682
0.156885
-0.157632
-0.156273
-0.156997
0.188352
-0.159152
-0.182296
0.171196
0.172538
0.17187
-0.159484
0.170049
-0.176763
0.167399
0.192844
-0.159737
0.176981
0.182719
-0.19107
0.186374
0.184444
0.190464
-0.155751
0.170916
0.179874
0.161758
-0.166261
0.171988
-0.162026
-0.176876
-0.167847
-0.195337
-0.184762
0.157677
-0.163057
0.159675
-0.192614
0.197023
0.171405
-0.172296
0.171961
0.18815
-0.16478
-0.176463
-0.193486
0.157141
0.165345
-0.174636
-0.180418
0.15903
-0.174824
0.16345
0.185472
0.158261
0.162673
-0.178903
-0.202409
-0.16384
0.191562
0.183772
0.191618
-0.168527
-0.194258
-0.179631
0.178804
0.163547
-0.195259
0.165326
0.191342
-0.1976
-0.169757
0.18707
-0.172022
-0.18364
-0.173248
-0.17128
0.168808
0.186369
0.161578
0.177875
0.184272
0.161444
0.175075
0.156803
0.161872
-0.157691
0.189453
-0.199836
0.183924
-0.160817
-0.162765
0.158122
-0.159952
0.1824
0.192214
-0.188938
0.159969
0.185782
-0.198208
-0.176593
-0.196918
-0.175613
-0.170817
0.196795
-0.166214
0.16336
0.183686
0.180301
0.177835
0.18007
-0.158676
-0.173277
-0.166069
-0.166301
-0.171
-0.168485
-0.188879
-0.168324
0.18423
-0.191707
0.164622
0.16143
0.181343
0.189661
0.186321
-0.201541
-0.160418
-0.178291
0.166521
-0.189584
0.198328
0.196789
0.166178
0.178296
-0.158629
-0.168833
0.193216
0.16915
0.156881
-0.178145
-0.192116
0.164866
0.176962
0.184171
0.17079
0.162475
-0.177635
0.175323
0.188212
-0.162629
-0.193172
-0.163589
-0.177379
-0.158087
0.164416
0.159931
-0.168042
-0.186145
